9 9
33 38 41 29 16 46 7 18 24 
24 18 7 46 16 29 41 38 33 
32 30 7 10 29 17 28 33 31 
46 16 34 24 1 12 8 34 10 
18 27 45 37 16 43 45 39 48 
45 16 19 7 47 34 7 28 48 
33 19 3 1 17 7 2 50 44 
40 39 24 37 3 32 29 5 35 
2 19 29 48 16 34 16 2 40 
40 3 36 25 11 11 32 9 8 
50 19 43 23 46 46 34 23 34 
47 30 8 17 29 7 39 26 29 
48 36 30 5 10 50 13 3 10 
1 34 21 2 33 37 47 29 24 
17 18 41 21 33 49 41 6 3 
34 17 17 30 19 22 25 29 37 
26 49 7 46 43 34 15 1 49 
21 19 2 28 7 36 21 45 37 
41 19 16 1 18 49 5 20 3 
42 5 11 20 32 15 16 41 14 
