20 20
5 20 40 10 20 10 10 20 30 60 5 20 40 10 20 10 10 20 30 60
10 20 30 60 5 20 40 10 20 10 5 20 40 10 20 17 3 20 30 60
13 5 13 18 11 16 3 8 6 19 11 5 15 8 11 0 4 3 12 16
4 6 4 0 6 7 11 7 0 3 20 8 18 12 9 16 19 16 15 1
5 15 16 20 19 10 9 15 18 3 1 2 19 16 5 2 18 7 4 20
11 9 4 0 14 10 18 20 11 10 13 16 7 5 13 16 6 15 1 10
6 15 20 17 8 20 0 1 5 6 20 20 14 17 6 8 7 15 4 10
8 0 13 15 4 2 3 14 0 14 13 1 2 18 17 1 15 13 8 3
12 12 17 2 1 5 10 13 0 17 17 6 8 2 7 2 20 20 14 15
3 19 10 12 12 20 2 11 4 1 13 18 2 20 9 6 13 15 2 10
9 3 18 3 2 19 0 8 11 7 17 3 17 19 1 9 9 12 8 6
7 18 15 4 11 11 13 17 13 9 2 13 5 7 14 19 18 2 10 7
9 1 14 18 10 15 5 4 7 16 20 20 10 7 1 12 10 6 9 5
7 10 14 4 15 3 17 15 5 17 14 18 20 11 19 9 9 1 9 16
11 1 17 6 5 19 4 8 11 19 6 3 13 19 10 3 15 16 17 4
20 5 16 13 17 6 13 17 1 6 0 10 0 17 0 7 20 18 8 17 12
13 19 12 4 20 2 12 9 18 10 16 2 4 15 20 7 8 17 11 19
4 18 16 4 8 16 15 11 3 0 15 14 18 14 3 11 6 20 9 15
19 8 13 5 17 13 14 10 12 10 7 19 9 16 10 1 1 7 16
11 10 18 5 3 4 11 8 3 0 4 20 18 8 0 18 19 11 14 12
18 12 3 13 16 15 18 8 1 14 15 3 13 7 10 10 11 17 6 19
7 14 20 6 15 20 1 11 3 5 19 20 12 9 17 6 1 6 15 2
20 16 11 9 7 6 8 13 1 7 12 13 5 18 11 1 0 12 9 10
3 17 8 3 15 13 6 16 4 20 8 0 1 16 10 2 15 12 0 9
17 8 18 20 13 17 4 12 4 10 3 18 1 11 8 12 6 6 4 7
1 1 8 11 2 5 9 1 4 7 7 20 18 16 4 13 2 4 18 7
1 13 10 2 7 0 3 13 11 4 15 1 20 19 7 5 18 20 20 18
19 8 14 4 3 5 7 2 13 16 6 14 12 17 3 11 9 13 6 19
16 8 11 3 16 19 5 4 10 14 19 8 9 4 13 5 2 11 14 16
0 14 12 14 6 12 8 5 15 17 18 11 14 5 17 20 4 16 14 12
0 4 9 20 7 16 12 19 11 4 1 0 10 1 17 8 13 9 9 17
0 2 4 16 13 0 19 1 8 1 18 2 11 20 17 7 13 2 10 6
20 4 3 1 9 8 0 3 6 11 12 4 3 0 15 11 18 19 11 16
8 17 11 19 13 13 13 1 14 12 9 13 16 14 16 11 13 19 13 20
16 18 3 10 8 3 0 3 7 6 5 17 4 0 0 18 2 12 20 14
7 20 7 5 3 7 11 16 3 9 17 14 6 15 6 19 4 3 18 12
0 1 9 10 1 20 16 13 15 19 4 15 11 11 5 19 5 3 13 1
8 17 7 14 6 20 0 15 1 13 17 5 5 0 0 14 4 10 11 11
11 4 1 4 3 6 19 8 14 12 11 1 12 13 10 14 4 15 9 0
10 3 13 11 10 1 6 5 1 3 0 11 17 0 9 9 2 2 5 9
10 3 4 4 0 3 4 13 2 13 0 17 16 6 16 10 10 0 5 2
1 16 8 18 12 4 11 5 9 2 0 5 13 20 11 20 13 17 2 11