30 30
10 43 31 34 31 34 42 36 23 4 35 13 33 22 34 30 18 36 14 25 13 48 1 22 31 16 35 13 12 4 
4 12 13 35 16 31 22 1 48 13 25 14 36 18 30 34 22 33 13 35 4 23 36 42 34 31 34 31 43 10 
48 38 2 25 15 3 30 11 1 32 8 20 1 41 38 11 22 8 49 33 36 20 35 29 15 24 41 19 28 1 
24 18 8 44 14 26 3 8 18 11 46 27 43 43 1 18 45 27 25 7 22 36 30 20 36 22 50 30 29 26 
48 29 47 22 11 48 3 7 20 6 25 39 20 47 1 29 40 3 24 37 4 7 4 39 44 23 50 22 4 42 
35 2 7 6 46 21 2 41 3 24 46 9 1 1 35 30 15 21 44 49 18 33 32 38 26 47 27 6 14 28 
10 6 20 49 37 5 40 9 23 21 25 49 40 14 15 28 1 26 21 7 19 3 34 26 47 38 20 37 49 50 
31 45 19 16 41 43 30 24 8 42 29 45 24 18 33 23 32 31 27 49 36 49 23 3 7 39 1 23 48 49 
27 1 43 7 30 17 6 27 50 38 42 39 28 47 13 24 7 42 4 47 1 38 42 2 42 20 15 6 19 20 
27 29 21 2 40 50 22 47 43 47 15 25 16 43 47 34 29 14 4 50 45 24 5 33 15 14 23 47 26 4 
44 35 43 39 33 49 33 30 16 18 26 39 7 42 26 44 6 9 37 31 42 30 48 15 8 40 8 9 20 40 
47 12 7 35 13 47 37 44 50 24 43 15 28 49 48 21 37 3 40 18 37 25 35 10 38 49 36 26 45 4 
48 10 45 37 43 7 48 4 11 18 8 6 42 5 48 22 45 17 20 5 25 25 27 46 19 41 45 2 26 5 
25 15 39 2 35 19 36 28 43 16 33 16 48 44 6 26 26 8 46 27 48 13 44 15 39 12 14 10 30 13 
15 38 1 38 9 27 29 7 2 28 23 2 5 48 4 7 23 45 6 47 48 1 6 41 3 18 13 2 13 6 
34 37 34 34 3 25 37 48 9 18 20 3 29 48 20 33 35 14 1 24 11 12 39 34 30 20 45 6 37 32 
37 18 15 2 26 15 45 23 45 8 4 4 19 4 5 48 10 44 29 2 49 27 8 49 30 7 36 11 31 33 
35 12 40 29 16 41 38 41 21 33 38 50 47 14 46 10 17 31 4 24 43 42 29 15 21 4 3 39 2 44 
30 31 28 13 11 5 31 41 5 29 40 8 11 46 34 13 17 16 21 35 46 28 42 10 27 6 10 46 33 49 
13 42 3 36 26 31 27 15 30 12 50 41 46 24 50 25 3 35 7 33 33 14 31 7 28 17 44 3 27 7 
27 39 50 42 47 6 7 22 20 4 3 11 24 29 29 11 48 28 45 9 34 29 35 42 9 5 35 50 46 31 
45 37 29 16 32 47 23 46 20 7 27 1 48 19 22 25 21 23 32 46 1 4 8 25 13 2 39 49 50 3 
34 32 21 31 9 49 21 13 44 16 33 16 8 21 35 33 31 7 32 3 42 12 45 6 40 15 18 18 30 6 
42 28 39 16 19 35 7 11 19 28 3 16 34 1 7 6 19 33 2 5 16 14 20 34 34 20 22 27 48 26 
18 29 39 38 30 4 23 17 7 11 33 27 6 47 7 37 18 17 19 14 6 24 42 15 10 49 13 29 50 26 
31 29 40 25 48 7 28 32 19 11 35 2 14 31 50 46 42 30 49 43 47 37 33 24 32 19 10 34 42 8 
23 4 1 9 41 6 14 1 10 6 46 24 7 35 45 3 5 49 15 32 48 45 11 50 36 49 2 35 39 6 
37 31 4 9 17 10 15 23 7 20 11 18 35 36 33 40 34 6 34 25 23 5 13 36 13 20 43 25 29 42 
6 40 33 28 24 9 32 19 50 18 9 48 48 34 12 45 49 42 45 22 27 50 24 31 20 10 13 48 29 8 
21 45 47 6 47 41 20 50 4 38 2 7 45 17 22 42 34 4 10 30 13 46 9 32 28 47 49 10 13 32 
22 35 8 23 47 37 29 41 20 42 32 49 9 16 22 49 24 45 49 15 20 26 35 27 37 40 5 42 6 30 
24 13 27 48 32 46 1 10 10 18 43 5 26 9 44 5 48 44 11 37 19 7 4 29 19 29 44 42 42 8 
49 32 20 36 17 7 17 2 9 12 25 50 9 24 30 46 14 3 20 36 7 30 41 16 48 19 49 5 30 16 
4 43 24 16 42 33 47 22 33 18 44 12 48 6 15 23 11 38 41 10 30 35 13 32 23 16 47 46 46 22 
23 6 19 1 35 30 49 3 8 33 48 10 16 18 47 41 16 46 38 31 32 31 9 35 39 15 42 39 35 29 
21 18 40 34 38 8 40 17 45 45 5 12 9 23 48 19 5 20 15 11 7 10 38 39 12 44 4 20 36 47 
34 1 9 48 10 42 39 7 22 9 21 29 21 4 23 47 20 9 45 46 30 18 2 37 19 10 13 31 48 21 
1 37 19 34 20 9 39 28 46 33 37 15 26 50 47 45 15 30 7 32 41 37 46 22 8 4 18 3 45 21 
12 16 34 13 10 7 26 19 15 25 50 20 40 40 28 49 14 9 26 49 31 20 24 9 8 31 11 4 47 49 
24 14 48 39 44 46 26 43 36 7 31 43 47 24 42 4 25 50 37 50 9 1 22 11 22 43 43 47 5 15 
8 39 32 25 26 38 31 10 17 9 23 26 32 6 8 33 27 2 14 4 39 14 44 45 30 40 3 23 29 44 
23 1 47 22 50 34 29 13 45 9 13 14 3 10 39 32 32 3 22 5 14 34 20 34 12 46 13 9 39 1 
44 30 30 15 1 1 27 18 45 49 27 50 46 37 40 4 38 36 43 17 20 50 7 5 37 26 37 45 9 15 
38 29 37 12 50 43 44 41 45 22 44 46 15 47 41 38 12 11 6 6 45 25 39 20 43 46 32 28 31 25 
34 25 30 28 23 34 43 39 45 20 9 3 11 20 32 10 22 18 21 36 49 2 22 15 17 28 39 25 24 18 
9 33 27 39 43 21 13 4 12 38 48 49 32 9 5 42 46 31 2 38 39 7 18 2 31 4 12 25 50 48 
41 26 21 26 12 16 13 39 32 28 35 22 23 25 28 37 24 29 3 9 27 5 47 43 49 32 47 10 2 11 
42 10 24 5 36 12 12 38 40 16 32 4 46 23 7 16 50 26 4 9 44 38 7 20 2 5 25 21 16 3 
50 41 36 50 26 11 46 3 23 21 35 41 13 33 6 18 32 19 4 14 14 9 32 22 2 20 36 31 19 47 
28 36 37 4 45 29 16 41 27 31 45 33 8 45 26 47 30 45 9 4 8 4 42 11 27 4 43 3 13 4 
40 19 23 41 45 17 37 14 44 24 21 21 25 46 42 6 10 36 38 48 30 30 34 35 22 29 7 26 8 48 
7 31 36 45 24 22 47 43 49 7 2 25 22 14 47 1 10 39 14 10 22 20 25 45 12 44 9 50 43 48 
34 48 48 20 37 7 14 6 26 12 49 6 43 6 33 19 48 12 40 45 8 5 39 12 40 11 22 17 45 4 
29 1 42 7 14 34 41 33 29 35 40 25 45 16 22 30 25 48 25 14 10 48 31 13 11 27 36 19 39 46 
3 44 46 49 24 1 34 48 20 26 47 33 28 7 3 9 49 49 21 35 4 20 43 49 24 21 3 50 33 17 
20 50 49 5 50 38 26 31 28 18 47 31 41 43 32 43 17 19 50 20 32 40 33 19 30 5 40 29 25 14 
38 25 35 43 27 28 33 47 14 9 37 15 1 28 36 49 16 16 15 22 42 8 14 38 2 22 14 40 11 39 
27 26 34 32 16 17 38 2 14 28 4 44 48 28 39 35 26 27 29 28 36 37 38 11 33 37 3 7 41 15 
32 23 6 1 13 19 19 18 26 21 47 3 18 35 35 8 46 18 35 20 35 18 5 35 35 32 40 31 28 11 
25 39 41 31 35 23 7 12 16 37 37 36 13 42 50 28 1 49 11 37 7 32 27 17 30 25 31 18 23 49 
31 23 39 46 21 34 4 12 44 9 5 7 28 39 35 10 24 40 21 11 24 7 23 21 9 48 5 3 25 47 
44 13 46 18 46 43 17 16 37 2 17 47 49 1 34 48 12 33 40 30 33 17 34 10 8 47 17 16 14 14 
