40 40
31 17 13 19 17 10 30 9 23 22 14 5 23 6 7 31 4 2 23 47 21 32 25 45 10 29 3 47 5 28 14 48 18 35 28 30 26 34 42 32 
32 42 34 26 30 28 35 18 48 14 28 5 47 3 29 10 45 25 32 21 47 23 2 4 31 7 6 23 5 14 22 23 9 30 10 17 19 13 17 31 
43 31 18 40 17 8 22 4 13 14 43 49 10 4 6 2 15 13 13 10 31 45 42 24 33 49 11 19 39 21 18 32 49 15 33 38 38 7 30 12 
25 40 22 38 6 36 41 35 12 15 36 17 45 39 37 31 9 14 37 42 45 8 1 24 10 6 25 8 4 34 25 21 20 48 31 10 27 27 35 48 
42 39 6 43 33 43 17 39 40 32 18 27 43 50 12 37 27 1 12 46 23 1 47 17 4 17 32 32 22 48 26 5 15 18 43 5 5 50 16 8 
31 35 17 45 43 3 6 9 12 40 10 7 8 17 49 48 24 26 11 15 40 49 42 4 45 42 37 26 44 37 33 6 27 48 19 44 15 21 3 13 
42 25 31 39 23 33 37 32 21 31 50 33 15 37 22 32 13 31 36 45 29 34 43 30 24 17 48 13 8 20 1 3 31 15 47 40 27 45 21 12 
49 30 41 17 33 11 23 13 49 2 12 48 38 27 1 12 8 34 42 37 17 21 27 13 39 6 48 10 5 32 14 4 10 17 30 15 43 34 20 47 
40 31 5 6 34 38 3 37 33 18 23 3 17 42 3 21 25 50 24 43 45 23 17 32 4 38 15 47 37 33 46 10 28 21 19 22 14 20 30 12 
26 44 29 38 8 27 2 1 45 4 49 12 48 27 32 34 18 18 20 34 2 40 26 30 3 48 8 31 4 7 5 34 23 39 30 44 16 29 35 13 
8 6 11 25 32 50 15 42 43 38 15 49 33 47 7 22 6 22 21 36 26 13 41 12 30 4 16 20 4 25 14 10 16 8 27 3 35 17 27 7 
21 12 24 12 40 3 25 4 22 33 16 15 37 31 50 26 39 16 26 33 38 36 39 6 45 2 31 29 47 47 48 11 41 31 23 2 2 45 15 24 
41 3 6 29 8 48 26 11 44 8 25 19 27 23 29 33 45 35 4 14 30 22 48 18 15 18 22 42 11 48 15 18 41 11 13 9 17 5 50 25 
7 31 45 39 6 44 22 22 16 46 42 49 2 7 34 48 27 10 49 41 40 11 20 20 3 6 4 24 35 6 35 16 11 35 15 23 37 45 8 42 
21 42 32 22 31 21 36 29 42 39 7 30 8 32 10 9 49 18 35 41 32 40 20 49 20 30 2 40 19 39 41 35 39 23 48 8 47 6 21 37 
42 45 26 2 49 41 34 19 45 7 21 20 11 10 10 40 48 28 4 34 6 48 35 10 11 4 44 32 22 41 13 17 16 38 17 21 37 45 40 14 
6 25 37 40 23 44 16 20 42 11 28 37 39 18 35 9 9 12 6 4 13 17 27 15 44 39 49 14 27 26 27 42 41 2 19 9 12 35 49 10 
5 32 48 28 27 23 17 12 8 35 21 33 16 2 3 11 22 20 14 34 34 40 25 1 2 9 5 21 29 22 5 15 45 21 40 23 50 48 25 50 
37 37 48 11 8 1 14 41 35 33 49 16 22 29 17 26 37 24 27 34 42 24 4 36 4 4 32 33 12 16 32 49 25 8 36 5 20 37 33 5 
12 23 31 49 20 22 12 9 43 48 1 44 1 27 25 9 28 20 50 28 16 2 29 49 21 8 24 49 2 49 3 50 47 36 18 33 9 28 3 6 
16 7 4 36 9 40 36 31 14 27 22 26 27 4 1 2 20 46 32 43 48 23 31 26 40 24 24 19 27 36 17 9 46 17 1 26 39 25 38 48 
25 36 24 48 21 37 30 16 11 17 4 18 37 45 24 39 48 18 45 18 8 12 21 42 25 25 18 39 10 7 29 30 13 27 40 34 17 2 21 19 
23 13 36 44 26 17 11 27 23 14 5 43 31 31 38 13 49 9 14 16 16 33 6 11 2 28 8 29 45 3 19 7 49 28 29 36 33 28 5 48 
43 42 18 41 47 14 7 17 14 29 36 16 11 19 21 15 7 31 36 43 4 5 1 33 25 34 28 10 21 10 35 26 1 21 8 37 16 35 21 10 
22 7 38 39 42 9 27 3 42 48 4 13 33 47 39 17 16 5 49 41 42 45 45 24 8 1 46 18 47 17 28 6 33 17 27 6 32 17 43 7 
1 12 32 42 2 27 21 41 34 8 23 2 19 38 32 14 28 12 5 38 20 41 49 1 15 20 19 47 27 5 32 7 19 42 32 2 50 50 4 39 
43 45 2 21 11 22 32 22 23 26 21 17 14 19 14 45 48 41 29 48 42 35 23 33 33 4 30 50 37 7 3 42 46 11 12 25 36 16 26 31 
14 42 35 5 28 2 26 11 30 44 17 27 2 39 37 47 49 28 31 23 11 8 11 38 32 8 19 35 13 41 40 6 23 26 23 21 2 17 21 13 
22 3 24 29 4 35 5 34 49 28 31 28 29 38 37 37 21 20 15 50 12 25 35 7 22 28 12 43 41 43 10 3 8 20 50 40 13 21 34 48 
46 18 39 22 34 34 41 33 43 35 33 1 41 10 23 9 7 49 6 6 17 48 35 37 46 39 35 40 24 25 27 1 43 43 2 40 47 35 29 42 
19 3 9 28 11 15 28 38 42 33 20 35 42 31 4 7 19 11 29 50 24 6 6 5 46 41 22 5 22 29 50 33 47 9 10 16 15 36 27 16 
19 28 28 15 19 33 10 49 43 38 20 49 4 39 11 18 49 39 34 39 5 43 49 19 15 14 7 37 24 15 39 20 32 49 38 29 3 18 16 10 
22 44 32 35 30 38 37 42 45 17 31 3 49 42 29 8 24 34 28 15 44 32 27 4 31 20 12 32 46 9 1 6 38 4 47 30 10 14 22 14 
30 9 39 48 49 38 8 9 11 5 42 22 49 22 10 1 38 17 24 50 9 30 38 15 29 8 7 46 29 27 22 14 36 16 2 38 30 28 39 48 
2 29 31 46 16 22 47 46 39 41 2 18 45 48 16 32 23 43 17 16 13 50 23 42 30 22 14 24 38 48 30 38 13 2 35 16 32 31 23 24 
26 38 12 27 50 32 10 8 1 27 29 33 23 20 34 47 21 9 43 14 9 35 31 5 29 35 42 26 28 13 33 20 34 8 44 19 7 49 36 21 
3 6 2 1 28 10 15 48 33 21 30 20 30 30 1 28 26 40 6 5 4 43 14 30 29 4 14 7 16 48 44 30 31 20 26 42 6 6 14 9 
44 45 10 13 20 20 12 28 30 30 44 36 50 24 46 47 23 12 22 19 35 1 33 27 48 49 7 19 26 5 28 21 50 21 15 8 11 26 24 26 
8 11 18 20 1 26 43 1 45 46 44 19 14 4 6 28 50 12 50 8 44 16 12 26 8 33 6 1 47 32 46 35 9 9 5 44 40 42 48 20 
6 41 19 22 11 36 24 12 1 8 29 11 2 27 17 50 5 26 16 32 47 11 31 41 35 23 48 32 35 45 29 46 12 39 5 15 42 13 9 7 
8 15 2 28 35 37 6 24 29 42 47 7 8 42 34 15 36 23 35 27 22 25 45 20 47 12 9 36 26 17 14 16 10 21 35 44 16 47 38 36 
38 5 14 50 38 17 22 47 31 25 16 20 30 3 28 28 37 18 21 1 30 2 24 44 49 8 1 31 18 3 22 33 47 7 35 3 40 48 45 27 
18 47 1 29 38 18 22 19 17 23 16 30 19 33 10 13 13 32 3 50 25 26 17 32 17 43 46 13 3 12 3 45 12 2 41 37 28 42 16 16 
38 18 14 6 35 17 4 21 7 4 1 26 1 27 16 37 48 6 36 7 7 39 23 33 3 30 47 4 35 2 22 16 24 28 21 42 42 43 49 13 
42 50 31 10 2 48 1 34 28 27 11 27 38 49 43 36 43 7 29 5 34 7 36 36 1 7 9 44 6 23 9 15 12 47 33 42 50 12 23 14 
45 34 40 34 13 20 43 16 41 38 35 38 5 21 17 28 6 39 37 2 28 48 47 47 31 15 45 25 7 44 4 29 46 33 17 11 1 19 40 25 
38 35 10 5 10 27 40 3 5 50 20 5 13 41 16 3 14 6 36 7 50 23 17 11 20 18 12 24 32 1 34 41 10 38 43 26 44 8 42 33 
26 34 8 31 14 22 37 47 5 31 33 26 9 1 30 26 5 30 45 45 35 23 6 2 17 44 48 48 44 3 38 44 29 22 3 30 31 18 15 31 
12 44 42 15 49 13 38 2 45 10 24 35 7 45 22 45 44 9 28 19 12 45 2 48 30 5 2 27 50 50 46 38 50 15 28 19 1 22 50 29 
5 49 35 24 22 8 2 18 23 39 12 42 11 10 44 6 39 47 2 48 41 44 31 40 4 46 18 20 11 14 21 44 43 15 35 20 32 35 25 27 
39 7 50 30 26 6 25 48 34 4 23 42 40 33 14 15 32 49 22 19 33 48 37 31 41 8 30 11 36 2 5 10 40 19 7 30 29 14 3 10 
40 40 32 13 43 38 20 9 34 3 29 35 30 45 46 8 27 30 37 12 45 4 16 7 10 41 17 48 30 41 6 16 44 37 48 48 25 11 38 46 
50 11 21 19 11 49 31 27 41 49 18 5 25 30 17 40 4 43 10 39 30 46 19 16 49 3 49 12 34 45 48 13 25 18 8 4 7 37 1 10 
47 32 29 23 34 13 43 48 9 28 22 22 36 46 26 33 24 47 6 29 3 27 27 22 16 1 30 49 8 18 49 18 25 8 15 11 35 33 46 43 
37 2 34 50 4 47 8 23 20 16 9 38 41 1 15 35 3 21 43 16 38 6 48 19 47 48 24 46 45 10 28 41 20 31 14 46 47 35 16 6 
43 8 35 33 32 38 10 6 44 29 45 28 16 38 12 13 17 2 35 44 19 44 4 44 33 6 1 6 43 19 43 50 46 41 10 22 25 3 15 3 
40 44 18 12 19 39 21 12 33 20 45 46 23 42 48 40 4 35 23 27 31 12 13 35 9 41 47 31 33 49 19 33 44 44 46 35 9 3 42 6 
21 42 38 18 35 40 6 34 21 28 8 13 4 33 32 5 12 41 30 20 48 42 27 18 22 7 35 18 8 23 5 49 14 40 24 18 34 28 13 28 
7 34 49 44 28 27 41 14 50 45 49 46 4 1 26 43 4 34 27 43 14 8 11 32 10 42 27 31 25 47 1 10 17 19 38 31 27 20 45 3 
1 17 46 31 34 3 3 25 10 27 18 29 1 35 12 17 49 48 9 16 45 2 33 40 31 9 2 27 32 35 43 24 20 24 37 40 14 30 45 11 
45 19 10 17 35 44 13 2 38 49 20 23 2 4 31 20 23 33 1 36 34 1 18 47 3 44 36 4 25 27 37 22 24 30 13 22 27 49 48 21 
46 47 34 27 8 11 4 37 30 43 25 7 35 14 42 7 8 49 47 12 40 24 2 50 21 44 45 23 10 16 36 12 41 34 35 35 40 6 44 39 
2 11 14 49 18 41 43 37 20 37 32 35 21 36 31 36 40 17 27 50 44 6 49 6 45 15 17 34 27 28 12 5 45 33 19 17 29 45 38 41 
8 7 17 21 17 15 5 14 18 39 15 40 7 15 11 7 32 44 23 47 41 39 41 32 40 30 34 18 1 18 8 12 16 10 47 43 44 7 24 24 
46 25 40 46 5 39 25 25 47 47 46 11 6 34 38 15 22 24 24 7 35 17 6 26 16 43 16 46 23 6 41 35 20 36 39 7 10 49 10 20 
23 21 26 12 1 46 42 2 17 13 34 22 21 47 12 36 39 12 3 47 13 35 44 17 14 8 26 36 38 26 25 26 6 2 48 5 41 46 36 42 
39 2 22 34 11 36 13 44 19 32 30 39 44 47 22 45 32 7 14 10 40 3 13 50 40 28 48 17 50 36 21 43 21 7 31 24 6 23 19 25 
49 22 28 14 36 31 19 50 29 13 36 19 30 29 8 6 48 10 9 17 9 30 26 42 31 45 50 39 17 35 30 20 19 42 19 15 32 21 2 29 
18 6 50 40 1 42 40 48 35 44 27 40 49 29 48 38 12 12 43 4 33 18 13 43 15 10 12 11 9 7 42 29 37 3 50 50 38 41 30 22 
35 42 9 48 18 1 31 7 44 40 28 21 10 17 46 50 44 33 24 21 1 6 10 40 6 28 20 20 49 43 41 48 18 5 37 36 42 38 46 8 
5 37 21 41 30 3 17 20 13 38 33 38 21 42 2 29 1 46 32 49 43 30 36 15 4 1 23 17 20 14 43 16 48 17 38 41 12 50 39 47 
48 44 49 12 6 33 28 18 1 27 34 33 3 24 3 25 34 38 31 24 43 35 49 35 48 5 46 10 5 19 25 10 9 20 34 36 44 9 48 1 
19 19 48 13 31 16 27 44 3 10 33 24 3 41 8 5 5 40 34 9 37 27 16 37 49 31 50 33 15 26 8 22 7 7 5 22 27 2 8 30 
33 24 23 47 3 22 49 21 3 34 34 50 30 27 45 38 20 34 15 6 10 4 21 31 16 22 14 45 36 48 27 45 18 36 45 40 20 24 44 4 
7 9 1 20 42 35 18 21 5 5 31 28 10 37 24 41 20 5 5 45 37 46 20 47 21 48 5 31 26 3 24 46 35 17 2 36 47 48 9 39 
30 10 6 47 11 43 46 30 23 1 29 39 40 49 26 36 27 47 37 6 39 49 7 30 26 34 21 21 25 35 23 23 25 10 16 46 42 48 6 38 
28 11 2 45 45 8 24 3 49 1 41 15 8 40 8 48 6 19 7 10 19 38 46 21 23 19 18 44 24 36 9 15 49 40 39 38 35 24 17 40 
46 4 44 34 26 4 42 39 21 10 32 15 47 18 34 5 14 36 21 18 47 43 31 41 25 33 38 43 41 9 28 23 45 37 32 48 33 3 42 15 
16 48 26 35 8 10 50 33 23 31 39 23 17 33 3 23 42 15 14 42 1 20 18 31 18 8 24 43 7 31 13 11 11 5 50 5 11 6 10 35 
17 14 43 4 31 35 21 11 38 31 5 20 22 36 32 38 21 17 16 34 37 42 18 28 5 17 30 8 14 25 43 2 4 40 31 32 8 44 30 23 
27 10 21 43 1 16 31 26 27 9 41 34 20 25 38 12 15 24 7 23 48 28 20 50 40 13 13 29 16 8 10 5 13 9 30 35 38 4 10 29 
35 36 17 7 17 23 17 37 15 36 41 29 24 47 20 33 9 31 20 8 49 2 36 45 49 29 36 13 21 12 41 1 16 24 29 38 12 46 36 8 
