50 50
2 42 20 43 8 1 23 2 35 7 31 11 7 37 6 29 9 47 25 29 37 12 39 23 50 45 3 29 42 32 12 7 14 45 29 2 29 47 16 18 14 30 5 13 48 38 21 10 44 45 
45 44 10 21 38 48 13 5 30 14 18 16 47 29 2 29 45 14 7 12 32 42 29 3 45 50 23 39 12 37 29 25 47 9 29 6 37 7 11 31 7 35 2 23 1 8 43 20 42 2 
32 17 24 7 6 22 12 21 21 26 32 49 5 33 18 17 28 28 35 37 2 24 39 4 25 7 27 14 47 39 24 37 27 9 14 3 1 32 11 50 28 5 25 35 15 40 3 30 13 38 
20 6 3 24 26 3 29 30 35 22 24 7 22 45 39 21 46 25 28 30 16 4 41 42 13 15 23 17 14 11 42 27 5 25 45 40 21 37 3 17 6 23 27 20 25 19 27 31 42 24 
9 2 48 43 1 28 47 29 20 1 36 39 2 28 26 30 47 24 47 30 40 42 35 38 45 23 17 50 43 50 5 49 29 35 32 46 34 21 17 18 18 33 50 16 13 35 22 10 40 30 
14 38 24 25 24 22 36 45 15 8 16 20 46 19 35 34 29 31 20 3 48 48 21 13 39 33 13 42 28 22 35 44 35 4 32 36 34 31 50 31 43 31 14 27 23 22 38 33 38 33 
16 35 34 27 46 40 46 14 42 27 30 23 30 32 9 46 50 50 13 14 40 49 45 29 37 34 50 19 6 39 20 23 45 3 36 10 15 17 42 33 8 9 34 38 9 22 14 38 14 36 
14 24 15 28 44 44 20 45 31 39 1 17 6 9 31 49 24 1 7 22 42 33 37 46 26 29 26 17 14 32 17 17 18 26 43 29 42 41 37 20 16 24 9 7 15 33 40 12 28 41 
3 41 31 2 16 16 18 19 38 13 10 12 34 7 17 11 21 6 15 22 41 45 21 40 24 34 8 26 38 8 28 44 17 23 49 3 19 24 12 45 22 6 33 39 25 12 23 19 50 21 
48 45 29 33 22 36 10 49 5 26 46 39 12 22 10 24 15 25 32 10 16 38 37 17 16 45 32 18 30 13 2 19 8 32 35 28 23 30 28 7 29 13 7 25 18 39 38 30 27 21 
46 22 31 21 24 5 6 40 32 41 46 45 49 12 20 29 29 20 36 41 50 42 31 45 49 11 2 36 31 25 2 20 7 33 24 20 1 26 4 38 31 48 37 1 16 18 29 46 23 20 
42 50 49 9 24 32 28 5 24 17 16 23 24 34 43 39 39 30 44 47 7 49 28 19 35 25 8 47 49 12 24 22 7 38 24 43 14 36 39 47 26 43 16 18 4 40 32 46 25 6 
11 15 17 15 19 22 16 23 5 49 19 11 33 34 42 26 37 14 22 40 32 50 20 17 38 44 27 42 8 29 24 29 5 9 6 47 46 38 34 34 31 26 33 11 44 21 11 40 1 15 
10 48 37 22 18 50 42 13 32 16 3 38 11 44 35 16 49 29 28 16 22 50 1 27 34 50 5 29 23 15 20 45 13 14 28 9 27 38 46 21 16 46 25 29 48 21 8 26 2 29 
7 36 9 6 28 25 25 4 12 20 34 24 38 12 50 34 31 28 23 6 22 4 18 29 29 32 40 41 14 49 22 38 16 41 5 39 11 28 44 10 18 45 32 17 35 45 8 34 44 15 
13 17 12 50 43 23 24 4 49 43 11 30 3 3 14 36 39 43 44 17 22 26 28 18 31 15 23 25 6 17 47 6 7 6 50 34 46 23 15 9 27 20 41 48 30 44 39 36 21 41 
43 12 35 38 14 31 44 14 12 16 18 45 42 50 28 14 39 6 22 12 31 49 42 1 28 36 31 6 27 5 13 48 6 24 45 12 4 15 27 4 5 7 32 34 35 35 44 8 45 34 
44 9 49 49 24 47 4 27 1 23 8 33 24 45 19 36 37 46 47 10 27 44 27 43 33 2 34 13 34 3 3 7 21 47 1 11 9 28 22 21 35 33 17 4 50 49 24 14 2 8 
12 12 22 7 20 28 49 11 29 32 11 11 14 20 41 8 16 19 49 13 12 37 14 7 21 6 2 9 24 45 3 19 43 28 26 17 24 23 24 13 21 9 5 41 26 23 33 33 48 12 
26 49 37 21 17 21 24 24 26 22 21 18 39 45 10 30 50 14 45 29 37 37 12 22 34 42 12 37 29 20 5 48 28 41 12 50 27 40 18 31 50 32 42 18 7 10 17 48 6 18 
29 13 2 7 38 41 36 30 4 37 36 47 48 49 19 24 13 39 19 15 41 15 50 22 8 14 40 26 1 6 9 18 42 11 28 19 28 21 7 18 44 48 4 37 43 38 47 40 21 44 
28 13 18 50 16 9 45 28 7 7 1 21 25 43 1 24 35 4 7 30 21 18 46 29 50 36 39 43 21 18 47 15 23 23 38 44 38 45 19 18 37 22 39 27 8 37 3 3 9 21 
3 15 30 6 2 50 48 5 39 10 33 33 27 6 37 19 3 3 12 23 31 15 5 15 49 8 37 40 26 10 47 12 20 20 35 25 26 3 16 3 12 11 4 32 25 15 17 44 29 4 
5 37 40 28 40 36 16 35 8 31 6 32 25 4 14 19 39 6 27 27 45 50 35 43 20 42 6 50 31 4 39 29 33 40 5 24 42 1 38 22 48 48 41 19 47 11 16 28 32 21 
10 49 20 18 25 43 8 50 14 19 24 17 8 34 5 14 6 2 30 21 33 11 49 32 33 16 38 35 31 47 25 38 30 2 42 16 18 46 12 40 40 42 18 43 28 10 39 1 33 46 
40 42 37 27 36 26 46 20 7 32 25 35 7 43 15 45 12 40 24 40 49 29 25 39 30 14 7 21 19 10 47 37 9 21 24 48 25 40 7 2 35 3 25 41 36 47 29 16 27 18 
15 24 14 6 7 44 42 25 11 2 2 13 5 37 9 47 46 6 42 23 13 27 25 16 31 45 27 25 21 48 50 42 25 33 29 48 11 35 45 8 1 33 50 16 25 5 13 18 1 50 
21 40 40 45 5 1 29 48 18 19 49 50 33 6 14 17 26 10 25 8 31 45 26 10 12 12 9 38 18 36 32 36 10 20 18 45 10 20 48 9 3 3 8 12 40 16 24 36 9 44 
24 49 10 11 34 45 43 6 45 6 41 40 42 38 19 12 36 16 38 19 12 39 50 17 21 23 30 39 36 49 8 35 19 2 19 21 7 30 1 22 17 3 28 30 44 24 2 35 21 26 
34 43 43 6 47 20 32 14 1 27 46 31 49 50 26 1 25 49 8 8 10 2 19 43 45 36 19 21 13 17 12 1 30 50 30 20 8 9 18 5 8 28 44 34 28 38 41 29 35 6 
12 16 22 3 46 12 2 2 28 17 18 25 35 34 39 18 42 47 31 50 1 42 39 28 19 14 4 16 33 2 38 26 33 38 17 15 3 43 35 20 13 30 40 2 36 39 37 13 17 6 
18 33 31 28 43 29 21 11 24 10 7 24 37 29 41 34 43 18 48 17 35 8 12 9 24 33 18 30 9 5 35 29 17 35 13 45 44 48 20 45 44 49 39 22 47 33 36 16 40 2 
39 1 41 47 10 18 16 49 22 47 21 28 11 18 2 6 18 25 47 19 13 16 15 44 50 1 22 39 43 6 13 30 19 19 6 47 2 15 13 10 24 13 12 3 46 10 27 25 17 48 
17 42 9 16 20 28 37 22 10 31 37 3 25 20 11 40 35 4 48 11 41 43 28 33 27 8 22 33 6 9 16 16 27 15 39 46 31 28 26 17 4 19 8 1 18 23 50 11 37 20 
36 26 49 29 17 24 39 37 21 38 11 2 17 26 3 38 48 36 9 8 27 3 22 37 36 9 19 6 14 15 36 5 35 24 19 17 44 40 43 28 33 49 14 23 12 32 43 11 4 3 
22 35 37 5 33 1 48 37 35 34 9 16 9 26 9 44 2 40 1 20 18 29 25 5 44 37 13 50 7 9 23 17 12 14 3 19 5 32 18 41 2 17 38 10 44 47 22 14 28 41 
11 45 19 27 36 17 15 35 26 15 49 36 19 32 41 50 23 18 1 2 18 1 5 4 32 49 4 28 49 50 23 8 7 50 37 10 44 6 4 36 36 22 26 16 30 28 13 30 39 35 
5 24 5 43 46 27 13 8 21 47 37 1 15 30 27 15 41 50 19 28 24 5 9 15 31 15 9 1 34 31 10 13 40 25 18 39 3 14 16 49 40 38 18 39 46 44 46 46 30 25 
17 7 7 32 50 9 9 41 20 24 8 45 49 28 13 20 41 15 25 39 7 14 6 9 2 46 4 17 42 37 23 39 27 20 34 42 10 25 11 39 7 2 9 45 17 40 1 12 38 34 
10 40 36 2 42 7 12 49 43 10 21 34 22 12 4 33 10 49 23 48 8 1 15 11 43 36 50 20 29 31 16 33 43 20 7 14 13 42 26 6 49 35 43 8 20 37 10 40 13 1 
36 46 18 19 27 11 34 29 32 50 26 20 41 30 40 41 22 46 48 26 43 23 2 35 8 50 39 36 6 10 17 18 3 6 14 17 23 50 8 37 50 44 13 7 34 45 23 24 45 49 
32 48 47 32 28 13 32 24 28 9 22 26 34 25 44 49 17 19 37 6 43 40 1 48 47 6 28 41 38 46 43 30 12 49 10 12 9 38 42 23 39 44 2 35 2 21 7 11 26 44 
32 4 9 33 30 13 27 18 9 15 8 8 39 18 37 27 13 1 22 37 17 1 27 23 39 46 34 31 40 19 3 34 2 15 3 33 21 38 50 20 1 31 35 27 8 34 31 15 49 9 
41 26 25 11 31 23 31 36 49 30 27 28 21 22 5 9 37 23 8 2 1 24 48 34 26 31 8 22 23 23 38 31 19 20 26 48 14 40 35 50 27 17 33 34 8 13 44 7 46 50 
8 43 32 13 41 13 25 45 31 16 19 1 40 41 29 38 27 15 41 26 27 15 49 21 49 36 3 28 34 4 3 27 4 46 12 17 34 1 14 44 32 39 44 14 10 5 39 31 27 47 
15 25 25 41 46 14 12 37 15 43 3 1 18 16 16 28 39 17 9 8 37 7 10 39 11 10 24 14 34 10 33 46 7 11 12 42 6 47 22 3 31 49 29 26 42 26 16 5 14 21 
30 6 15 17 39 44 8 32 24 42 49 46 9 18 42 15 15 44 18 45 27 45 38 8 19 47 28 50 27 44 15 24 47 3 46 32 3 2 26 9 43 27 20 12 11 48 15 33 4 13 
22 27 12 6 50 15 35 8 32 49 22 24 49 13 36 36 15 43 3 8 49 25 12 6 13 6 30 9 31 45 19 10 32 30 43 37 24 41 24 8 16 42 49 28 1 26 44 43 15 43 
42 1 21 42 27 5 14 20 33 50 19 23 39 27 19 28 43 28 2 42 41 3 4 31 23 20 4 3 17 32 24 5 38 2 5 9 6 6 45 34 22 38 25 1 32 6 45 22 41 50 
45 17 45 5 44 39 23 22 10 37 29 22 22 50 38 21 42 28 6 35 4 43 26 19 6 40 15 18 1 45 23 40 26 41 41 7 40 29 19 38 39 13 44 13 41 42 31 7 49 45 
39 21 19 27 17 28 34 10 30 41 33 44 48 30 28 30 20 39 28 40 3 41 10 11 45 37 50 12 9 25 13 14 29 18 22 9 7 28 40 35 21 50 1 10 16 49 43 38 7 13 
25 3 40 45 24 40 31 21 46 1 16 1 7 23 29 24 1 38 26 47 4 33 13 39 49 48 15 8 30 45 31 4 6 14 37 30 13 13 24 11 18 6 15 24 40 46 40 32 17 15 
18 36 47 24 10 26 19 34 40 31 30 7 11 4 47 8 30 17 39 14 11 17 5 26 21 47 5 12 18 44 41 1 33 28 31 20 27 27 17 27 20 27 30 15 41 25 49 20 24 47 
31 40 44 20 49 11 14 46 47 45 39 12 13 9 29 29 44 23 11 16 44 50 10 7 32 15 46 24 39 5 14 5 42 43 5 42 28 22 23 44 10 19 20 7 20 37 12 44 27 22 
36 2 12 41 24 41 36 13 4 13 39 44 14 43 9 8 11 41 38 46 20 20 39 46 24 37 6 36 4 34 32 3 24 42 16 22 12 16 17 28 21 10 4 15 4 50 40 24 7 47 
4 42 15 50 12 14 35 16 27 49 38 35 47 38 19 28 20 20 50 25 8 8 28 19 22 45 43 31 42 34 7 3 36 33 32 27 18 12 15 29 50 10 28 26 26 46 8 10 26 27 
34 8 48 38 34 39 19 19 40 26 27 26 37 25 29 10 47 10 31 14 25 32 19 8 25 22 25 39 16 30 9 6 4 32 28 25 1 12 13 30 7 32 24 19 46 15 39 18 18 7 
28 42 41 23 31 47 44 19 47 34 39 44 45 28 47 28 30 33 17 18 48 35 21 22 43 35 50 16 17 31 9 39 31 36 11 23 36 24 21 6 48 45 47 25 49 19 37 42 48 10 
45 16 6 5 29 21 13 50 33 42 7 44 16 33 30 6 32 44 16 33 4 48 36 6 38 35 8 26 17 7 43 1 27 18 15 24 19 21 27 44 18 17 13 2 41 40 44 47 8 14 
29 2 16 5 40 19 43 31 14 47 50 44 4 49 5 2 17 35 49 2 38 43 8 44 23 1 3 50 37 31 23 38 17 4 44 40 37 5 1 41 13 28 20 12 22 44 4 45 44 25 
44 49 43 36 3 9 11 34 8 12 15 3 1 14 46 35 16 26 26 26 28 31 35 27 12 48 17 13 25 7 14 27 15 22 39 37 27 42 35 39 13 17 15 14 30 32 9 38 47 19 
7 37 45 28 38 4 16 2 18 29 6 32 11 8 26 25 31 38 25 46 7 2 29 27 2 17 22 44 48 49 18 30 45 47 26 50 6 2 47 8 41 10 31 3 41 50 9 24 12 7 
31 33 41 23 30 19 30 31 32 49 10 46 37 38 47 39 23 29 49 33 48 17 39 43 29 2 48 42 3 2 41 46 7 47 39 26 10 28 35 24 28 43 3 10 14 28 24 19 31 45 
33 38 34 48 42 45 10 35 23 7 3 40 7 28 50 21 11 26 32 48 28 23 8 22 39 5 36 29 24 40 36 17 2 2 30 2 3 16 20 20 32 36 29 25 13 35 13 21 5 3 
21 34 9 32 14 13 41 46 48 23 29 16 27 19 9 2 18 8 9 48 24 18 50 18 12 15 15 21 48 7 45 24 14 23 14 33 5 6 19 11 26 8 34 31 22 43 33 5 38 24 
41 49 25 41 4 12 43 1 36 18 23 36 43 22 49 47 6 43 20 47 18 29 33 33 8 15 33 20 28 3 22 10 30 17 25 3 22 24 30 26 28 34 3 6 14 40 4 3 3 12 
3 5 45 49 26 33 2 2 5 28 27 29 13 19 31 23 22 39 37 31 46 42 50 37 48 1 14 7 34 40 8 5 9 10 44 17 33 43 17 10 1 29 2 44 47 14 3 7 37 41 
8 46 5 26 4 20 27 5 44 33 4 37 23 41 44 6 25 10 20 48 8 46 1 25 24 27 17 34 29 29 48 24 39 42 43 43 41 31 24 28 7 11 18 48 12 33 6 36 26 27 
16 26 44 42 43 3 31 45 9 8 4 13 38 32 14 12 40 1 12 40 21 3 41 14 44 42 40 50 34 42 27 43 36 21 21 18 40 44 28 24 36 50 20 23 5 41 29 34 8 15 
50 17 49 39 3 41 46 16 47 48 47 34 14 37 10 8 3 3 42 23 15 11 49 5 18 26 29 13 6 35 11 22 49 16 13 48 44 43 42 40 45 22 45 38 31 48 30 41 45 14 
50 28 40 23 38 46 26 26 17 20 27 50 36 31 11 28 23 36 6 20 36 26 31 32 48 11 30 33 19 2 33 25 4 11 35 37 12 45 23 39 36 25 16 26 34 42 41 5 5 49 
25 45 25 47 38 38 41 17 13 42 36 5 38 49 2 10 20 30 11 3 41 47 48 9 50 30 33 36 28 19 32 49 19 33 16 11 11 20 26 2 30 46 10 23 18 10 7 10 37 46 
20 17 21 40 3 32 42 44 3 14 10 34 18 41 14 19 27 44 49 50 3 5 15 40 41 27 22 21 24 18 18 32 43 43 49 19 48 26 30 33 8 16 27 28 27 30 8 30 6 16 
26 49 37 18 11 22 5 32 22 14 17 27 9 21 34 42 15 22 19 13 17 24 44 13 6 47 18 22 27 27 30 43 5 7 27 9 4 39 47 2 29 14 14 49 2 6 43 43 46 35 
47 31 34 16 27 35 28 4 38 15 18 30 46 33 46 16 33 5 47 30 48 24 18 28 18 30 15 18 7 18 36 22 38 7 41 14 16 41 8 11 49 35 24 30 33 28 10 48 37 14 
26 32 29 45 40 20 37 44 15 22 33 20 35 13 8 5 5 32 30 22 14 4 17 2 31 6 37 30 50 7 23 8 22 4 16 7 50 46 49 15 10 25 50 20 44 46 32 24 24 23 
47 3 21 44 21 42 48 5 22 48 47 8 44 30 27 5 11 17 5 35 5 4 27 13 1 12 6 16 10 46 10 24 9 47 15 38 33 38 30 16 47 28 37 23 45 16 43 36 7 6 
48 28 4 42 2 47 28 33 17 33 33 19 43 34 7 6 9 46 17 27 11 7 17 26 33 34 36 4 40 29 14 10 4 5 50 30 14 18 26 26 23 31 30 17 5 10 8 25 21 39 
37 23 32 9 46 39 36 37 11 45 44 31 37 18 8 29 3 21 29 34 47 26 43 6 15 32 10 29 23 2 10 39 9 40 15 7 9 40 43 16 25 1 33 43 1 27 44 34 40 12 
40 18 34 15 23 20 44 15 6 40 20 16 33 40 37 10 12 36 6 25 37 50 7 4 27 36 42 50 28 3 23 6 12 11 26 47 21 10 1 31 7 19 23 8 49 37 3 30 13 29 
37 1 37 25 47 41 14 9 41 3 45 18 14 50 15 12 21 36 26 18 29 8 29 15 7 4 47 16 37 50 24 22 32 7 24 19 3 10 36 16 10 40 21 46 22 34 43 14 6 27 
40 46 33 24 26 3 25 35 26 14 9 10 45 10 7 2 15 20 37 47 5 18 40 9 12 26 24 6 42 26 25 6 14 12 45 17 42 17 35 18 41 34 29 9 42 13 38 3 35 38 
30 26 31 8 49 15 24 20 14 25 20 41 43 13 42 20 49 37 21 18 14 22 5 33 17 19 35 27 23 34 23 18 11 24 30 35 28 46 48 48 2 19 49 49 19 41 9 23 19 27 
23 5 8 1 19 18 10 34 14 16 38 17 28 39 26 7 35 16 48 8 30 37 19 48 15 27 2 35 33 11 22 45 41 29 41 48 30 3 6 10 47 15 1 47 15 19 13 13 6 21 
13 28 46 15 27 21 27 40 17 24 33 44 37 10 41 13 33 42 37 35 13 6 22 22 13 37 45 1 25 5 26 1 22 19 29 2 39 6 18 17 24 7 30 48 22 30 44 50 42 39 
32 28 28 45 49 19 22 2 6 46 11 1 3 46 39 44 34 16 4 17 18 29 33 30 13 7 12 37 34 23 26 20 18 22 30 26 13 23 15 13 23 22 31 37 14 42 46 11 10 13 
17 15 48 6 32 41 23 40 23 26 6 48 6 44 21 33 47 37 12 5 13 2 42 14 35 14 27 47 24 19 28 43 23 46 41 43 18 15 7 47 7 41 24 42 5 23 40 50 25 37 
35 7 14 25 24 11 39 22 8 5 24 11 35 38 13 20 11 49 39 50 18 44 39 4 14 8 8 34 27 3 50 41 36 19 32 17 39 23 46 29 35 9 43 5 24 29 10 32 5 41 
48 18 39 35 11 11 14 1 23 4 1 37 41 41 38 3 32 30 16 32 27 32 21 31 1 18 4 36 43 50 37 22 19 49 25 10 18 15 42 8 18 1 9 17 15 17 25 30 17 46 
24 10 38 3 47 4 28 15 10 25 47 2 45 10 23 22 2 27 50 6 20 3 25 30 12 20 22 46 40 1 3 17 46 13 3 34 11 23 2 23 14 11 42 9 19 50 43 36 9 24 
41 16 38 43 3 20 17 23 40 35 48 12 3 6 42 28 38 17 1 46 35 36 33 17 9 29 21 27 39 34 14 18 36 48 10 49 21 16 37 10 2 7 5 23 44 22 24 21 24 31 
50 18 19 7 43 17 14 48 17 6 32 10 14 33 34 6 4 46 6 26 37 48 32 23 19 16 46 32 41 8 34 18 25 46 25 39 41 10 11 24 39 30 18 19 3 11 3 2 4 7 
9 44 28 23 6 48 28 6 33 8 36 49 14 24 50 41 39 32 39 16 25 42 31 1 46 28 40 5 13 36 14 28 28 8 27 35 24 45 50 28 10 39 31 17 3 46 22 4 42 16 
28 37 15 2 11 4 40 5 27 6 29 33 33 14 17 25 23 16 14 26 42 12 8 2 50 16 15 28 16 6 39 10 29 18 27 32 19 18 40 3 35 44 11 44 25 12 34 15 21 47 
36 27 11 50 15 35 6 47 10 50 14 36 32 24 47 11 7 41 43 28 4 43 42 40 41 35 13 31 22 44 16 4 29 37 23 43 16 9 46 21 27 13 33 44 38 14 20 29 28 25 
5 23 15 31 11 10 42 12 11 24 6 11 11 11 5 4 36 1 7 19 31 5 8 29 3 29 43 36 22 13 20 32 45 33 46 32 49 43 27 41 40 5 49 41 22 6 24 41 30 1 
42 21 11 26 24 36 38 36 31 32 4 42 43 17 20 19 42 17 43 13 8 22 16 29 25 9 14 9 32 18 22 26 29 22 37 10 13 41 45 14 8 12 3 13 42 16 30 33 8 18 
26 15 9 33 35 5 12 36 25 37 26 47 30 44 30 43 29 28 41 18 50 47 14 6 20 26 34 11 24 45 50 28 19 8 43 29 39 10 50 12 28 44 33 1 11 4 5 13 22 18 
41 7 34 30 29 26 36 32 19 49 38 45 37 30 13 4 19 41 6 11 5 39 25 44 49 26 11 25 42 46 12 22 42 43 9 5 30 44 35 33 35 16 41 43 17 35 20 21 35 49 
26 23 19 10 35 47 15 46 15 42 49 37 34 2 44 48 47 24 44 19 7 3 27 18 31 2 41 5 10 48 11 3 21 21 5 39 5 11 1 5 39 10 44 11 13 7 43 12 34 3 
28 50 35 12 25 49 42 32 42 9 30 11 3 7 33 47 17 2 20 38 3 1 13 10 22 32 50 37 20 16 2 49 22 41 35 41 11 34 32 2 42 4 40 42 16 10 6 20 42 1 
45 16 30 9 39 3 43 3 24 50 9 16 25 44 34 9 34 8 19 49 4 11 48 20 4 19 43 2 36 31 43 19 1 38 30 38 7 1 8 42 14 12 37 50 35 33 2 34 22 35 
