60 60
23 33 21 24 19 47 2 39 13 50 27 39 49 2 34 1 6 4 18 34 39 3 12 20 9 35 48 10 37 25 36 40 25 16 46 12 9 8 18 33 12 10 10 7 12 14 33 40 20 3 21 15 1 22 42 1 33 11 2 5 
5 2 11 33 1 42 22 1 15 21 3 20 40 33 14 12 7 10 10 12 33 18 8 9 12 46 16 25 40 36 25 37 10 48 35 9 20 12 3 39 34 18 4 6 1 34 2 49 39 27 50 13 39 2 47 19 24 21 33 23 
42 21 3 48 14 14 23 19 47 20 9 1 18 28 22 29 4 50 6 16 20 19 17 24 40 48 8 39 11 31 38 10 33 44 45 5 30 32 35 15 49 48 46 6 32 18 25 26 2 16 25 14 29 4 23 8 45 12 13 6 
24 24 34 8 8 40 27 4 37 29 37 4 7 39 42 33 19 11 30 38 44 40 21 17 11 42 29 5 26 1 11 11 10 12 8 50 27 4 17 39 3 26 3 36 18 47 48 28 3 13 50 28 45 43 9 25 16 40 3 5 
35 39 7 34 15 43 19 11 27 5 24 43 38 28 14 11 11 26 5 22 14 20 39 41 13 37 37 37 41 50 29 23 43 7 39 16 45 41 23 47 7 48 34 4 8 21 5 42 29 23 42 16 43 21 40 4 49 4 13 41 
50 38 30 30 49 26 12 30 41 27 7 3 23 11 14 36 47 35 18 11 20 9 22 20 21 14 41 10 24 12 16 5 6 19 37 28 37 16 49 46 26 41 24 20 31 21 1 39 49 41 17 35 16 39 29 18 10 25 16 7 
46 28 33 18 30 35 2 41 20 40 5 30 20 47 2 15 23 47 36 13 34 3 16 41 48 4 23 36 14 29 33 8 13 35 27 18 43 20 3 5 23 3 24 31 15 40 6 33 1 47 30 49 12 14 39 15 9 20 25 38 
29 8 6 12 46 22 40 40 2 41 21 41 12 45 42 8 38 18 35 42 27 14 46 39 19 40 48 34 40 50 7 1 8 44 9 14 14 37 13 45 34 30 49 20 5 43 50 49 13 31 1 45 24 32 37 5 50 9 27 45 
1 19 36 19 42 33 18 39 29 17 2 46 32 45 1 24 43 2 33 19 4 32 12 31 37 44 18 47 45 36 13 15 50 9 2 26 19 19 37 41 44 27 18 8 9 11 23 29 19 3 5 13 21 43 22 43 12 17 44 12 
12 7 15 25 42 45 20 2 23 21 50 33 25 21 33 19 38 10 29 45 35 46 4 27 2 6 1 34 7 11 8 38 24 6 47 2 42 24 46 40 17 26 35 48 3 24 40 14 17 34 24 9 22 42 23 30 5 16 14 9 
24 12 11 47 32 29 24 31 42 12 29 26 43 12 36 17 25 25 26 17 39 46 44 50 15 14 3 22 27 49 8 21 45 17 36 43 28 12 42 44 38 48 30 35 17 7 15 13 29 4 26 18 40 44 18 42 12 30 7 36 
34 43 33 26 30 22 12 42 44 28 12 20 39 31 6 16 1 5 40 3 48 42 23 41 24 40 14 23 27 49 27 13 16 38 50 48 32 21 21 46 15 18 42 36 4 29 44 8 11 39 36 32 20 4 46 23 4 4 7 18 
43 18 22 40 13 41 30 29 43 1 34 35 43 30 3 43 14 47 39 12 35 1 21 6 9 30 40 4 7 47 49 25 27 3 10 39 50 2 43 8 6 9 28 16 46 34 41 31 15 10 8 4 23 13 20 14 26 47 22 23 
19 33 8 33 23 39 26 47 48 3 38 27 2 7 36 3 29 10 10 25 43 6 38 21 13 14 47 37 22 4 5 13 32 42 2 41 10 11 30 24 9 21 7 21 7 42 48 10 29 4 10 33 21 42 38 23 23 24 33 7 
38 18 20 19 11 35 45 29 4 3 37 8 8 40 38 31 24 27 13 24 42 9 1 1 42 5 26 28 13 45 46 49 50 45 50 10 10 44 1 28 21 24 12 9 11 46 21 2 29 10 11 33 16 17 3 31 34 3 42 28 
13 25 32 24 2 12 9 50 27 1 10 25 49 13 50 29 12 22 24 3 11 18 43 34 26 34 40 18 35 41 25 24 10 15 37 49 17 28 32 34 31 41 38 37 30 5 12 43 36 20 15 35 45 42 38 6 20 31 28 28 
19 42 25 46 50 39 8 27 42 43 23 22 3 12 25 11 44 42 17 41 15 34 33 10 35 43 23 15 43 50 19 6 28 42 26 41 19 11 8 11 40 8 47 40 39 34 11 40 1 39 2 37 28 9 41 15 33 44 29 11 
39 50 21 32 10 28 6 40 18 48 20 44 43 11 48 25 3 28 38 15 3 31 42 37 19 43 6 45 18 47 31 29 14 49 39 44 50 27 6 50 4 50 27 20 19 25 31 37 18 44 47 28 36 2 20 25 18 16 43 40 
23 38 42 31 45 21 35 22 19 6 40 34 29 21 9 18 47 33 8 29 44 8 42 26 3 28 39 14 43 35 26 9 40 12 46 37 2 29 8 13 7 22 14 32 47 44 32 21 43 12 41 20 37 20 14 10 40 50 40 50 
30 34 5 34 8 6 12 17 40 50 44 11 34 23 23 11 12 24 48 2 16 41 29 24 10 17 9 30 48 14 3 41 2 5 50 3 47 9 28 47 30 25 48 37 44 3 22 41 41 44 32 22 5 26 33 41 14 36 22 35 
30 6 37 47 36 25 39 19 2 22 43 3 8 9 18 40 3 25 30 24 41 36 43 45 2 40 2 2 23 40 35 11 48 26 42 22 41 14 39 39 22 35 29 11 48 19 23 3 19 14 34 45 24 29 15 20 24 35 25 21 
37 13 17 24 12 28 33 46 45 50 16 45 35 27 13 6 10 28 32 12 47 41 43 50 48 25 11 36 35 24 13 12 7 49 39 11 1 47 16 32 9 5 1 1 33 28 29 46 15 2 17 38 1 49 2 36 50 17 25 36 
48 20 45 41 3 46 39 9 34 29 44 42 16 37 26 9 39 13 34 5 50 41 28 14 26 4 28 38 37 43 41 41 16 11 35 20 50 39 45 50 38 12 4 18 15 47 10 40 28 37 30 18 41 2 35 49 15 50 26 25 
49 37 39 11 1 34 19 23 6 1 7 36 35 5 47 24 41 22 33 47 2 34 32 22 48 39 50 24 36 28 24 40 4 26 2 7 29 34 40 39 45 35 47 19 45 19 10 6 11 12 5 6 48 10 21 31 46 17 7 24 
8 6 35 35 22 24 28 20 43 30 39 4 12 5 47 40 11 40 4 9 22 43 10 29 49 19 38 28 33 44 22 2 32 34 43 23 38 7 42 23 14 6 7 18 2 43 17 30 28 9 12 19 37 39 46 13 1 45 34 27 
39 26 18 42 28 30 7 22 33 49 8 39 12 9 34 45 23 43 50 19 50 3 1 48 23 12 19 26 10 7 40 41 39 42 22 37 12 13 45 40 15 1 4 14 50 32 15 39 49 33 3 21 3 3 40 14 24 9 45 2 
5 44 3 4 30 46 36 14 9 24 40 35 12 39 24 33 6 3 13 17 15 50 26 32 21 31 44 45 37 31 22 34 27 31 46 19 32 28 21 49 16 26 15 3 17 41 11 13 3 45 23 39 49 16 2 31 42 13 46 35 
18 13 26 32 34 34 30 7 1 10 10 7 27 43 37 27 37 48 19 5 38 3 2 47 34 39 41 3 30 7 29 29 7 37 44 23 45 28 11 18 8 10 37 18 22 38 48 31 10 36 47 32 37 49 35 23 20 2 38 44 
40 40 16 9 7 15 1 13 32 14 24 4 41 15 35 4 18 32 4 25 14 39 1 6 3 34 24 27 11 29 39 32 36 10 17 49 11 45 37 9 50 1 31 22 21 40 4 13 34 49 10 9 39 32 27 10 36 31 15 21 
48 5 7 28 33 25 3 28 13 34 45 22 38 41 41 3 25 7 14 21 46 6 9 23 20 37 42 50 4 31 3 30 29 36 6 38 40 16 18 25 19 23 34 2 36 8 40 27 46 36 47 37 5 42 2 4 18 38 4 12 
34 22 17 24 13 12 38 7 39 18 25 36 2 37 50 16 25 48 1 7 3 13 50 27 50 25 2 32 15 30 6 8 1 8 21 45 13 24 29 38 11 28 46 12 46 48 50 10 3 34 33 35 21 32 19 40 31 2 41 43 
5 31 50 4 26 35 23 3 35 34 49 23 1 41 20 9 47 4 22 18 2 12 47 4 35 4 41 41 36 40 11 33 12 47 35 3 1 4 44 20 31 28 10 13 11 7 28 35 34 17 34 34 17 18 31 14 4 37 16 31 
16 38 41 14 31 40 49 19 6 15 13 39 27 42 44 37 5 7 15 35 14 32 16 14 23 43 45 10 45 45 43 31 10 48 25 18 17 41 48 21 40 26 9 28 46 34 23 20 42 18 34 19 35 25 4 13 30 6 34 35 
30 9 30 23 38 16 38 12 36 27 4 6 14 34 18 9 11 33 49 11 49 34 6 20 7 30 2 49 15 31 13 13 10 37 28 22 35 10 16 8 15 37 47 27 49 22 29 24 46 20 48 29 42 36 18 47 12 48 40 49 
7 31 13 38 36 26 31 21 36 7 30 18 18 7 3 35 47 21 7 35 49 2 16 39 33 50 11 29 15 3 22 12 14 1 45 47 23 42 39 39 31 31 6 21 39 42 48 6 48 43 39 40 28 9 38 5 25 21 6 33 
1 45 24 17 17 8 33 44 10 43 12 35 50 12 33 26 7 45 46 9 25 35 27 50 34 31 46 2 5 32 14 37 36 22 48 49 20 45 17 21 44 48 21 32 26 5 49 27 38 10 9 13 6 50 42 21 40 38 1 21 
28 3 26 34 38 23 16 16 1 40 22 14 32 46 38 46 36 19 48 29 43 1 42 44 42 24 18 29 42 31 19 20 26 30 48 26 14 24 46 27 4 6 37 13 17 18 36 34 18 15 43 12 6 42 40 25 50 44 22 35 
5 37 25 24 35 25 21 5 37 11 22 13 33 27 21 16 40 25 15 41 29 5 33 42 5 7 5 14 40 15 17 20 5 15 39 39 38 46 19 21 19 13 11 26 38 16 26 19 21 36 38 25 8 16 21 38 39 17 48 22 
43 4 20 2 34 27 40 22 8 1 45 41 8 48 41 13 2 4 27 15 9 4 11 16 39 23 12 50 21 33 37 47 43 49 46 50 31 11 35 3 3 16 3 7 14 35 15 18 30 17 35 22 22 27 50 11 28 44 36 23 
31 9 23 15 31 36 17 12 10 15 22 8 27 41 10 6 46 28 8 20 12 26 13 24 40 33 5 20 28 26 1 12 43 39 40 49 6 2 7 35 6 50 39 18 8 18 1 49 17 5 12 41 24 30 17 28 2 25 20 14 
6 26 46 15 8 11 23 47 42 37 35 27 41 22 26 39 44 34 1 41 25 24 12 46 30 24 5 11 4 5 39 44 36 29 4 32 2 19 20 30 21 35 37 17 41 17 7 49 15 39 9 27 40 5 9 2 18 42 6 1 
31 22 18 18 23 35 4 6 4 16 15 4 8 24 45 44 25 2 14 35 4 45 48 27 25 5 27 39 10 25 20 19 16 24 25 37 43 7 20 29 18 26 40 39 48 2 18 40 44 15 23 14 46 45 7 24 19 35 4 22 
35 48 15 15 23 13 26 40 40 45 29 33 12 15 45 31 29 15 6 9 8 46 13 20 26 16 21 22 36 21 40 18 30 29 19 14 4 34 36 14 4 38 1 6 49 46 28 35 38 19 16 5 45 34 49 39 9 28 41 7 
34 37 19 20 9 21 46 28 31 15 2 6 39 25 15 20 41 8 1 27 35 43 31 50 40 25 23 14 36 50 26 33 15 9 19 29 20 45 25 22 3 12 36 11 43 18 37 19 45 32 22 30 41 42 24 37 37 37 44 45 
8 7 41 15 18 25 22 35 43 29 10 9 30 35 43 42 27 27 32 38 34 22 13 37 23 3 47 20 4 21 44 32 35 36 19 39 14 12 11 3 40 6 45 37 47 36 43 1 14 28 45 37 42 21 1 35 5 21 10 15 
40 9 42 22 46 42 35 31 39 30 39 18 13 17 9 34 35 26 35 17 1 43 11 34 11 2 38 8 28 46 12 14 36 41 12 5 12 47 37 41 21 36 24 33 33 26 14 7 45 4 29 35 20 36 27 35 43 39 43 47 
12 48 44 48 4 21 11 42 49 9 36 45 3 50 37 3 50 18 37 31 16 20 32 24 15 23 10 20 5 2 26 23 3 49 29 25 50 24 7 15 17 5 24 4 5 4 24 13 13 34 46 16 49 2 20 37 47 34 25 20 
14 33 40 47 2 29 24 41 47 6 38 7 8 50 29 42 43 33 24 10 25 44 30 3 28 4 33 42 33 1 35 15 32 50 1 24 14 33 34 42 20 39 48 33 18 39 46 31 26 50 23 38 10 17 49 18 45 22 19 2 
11 50 19 9 21 18 36 29 20 22 18 50 47 36 13 27 23 9 31 47 5 40 2 36 1 24 50 6 13 45 32 32 25 48 29 20 5 15 30 15 32 16 6 34 28 1 39 22 38 32 46 36 16 36 7 17 21 20 2 21 
1 5 14 37 10 30 2 22 33 16 9 12 34 26 20 9 45 26 4 15 17 15 18 36 15 3 38 45 46 40 4 50 1 26 31 44 27 20 12 29 14 47 40 21 11 40 11 11 23 6 38 11 41 11 20 33 9 14 49 1 
34 12 47 44 41 15 49 19 4 23 38 40 30 34 30 45 2 39 25 21 7 49 7 25 9 50 45 6 29 30 4 32 50 12 2 35 31 50 6 19 28 27 50 27 34 18 17 12 8 14 47 46 49 17 21 22 49 8 10 49 
47 30 11 19 14 23 34 5 10 22 42 17 44 21 31 24 44 43 29 1 7 26 45 12 13 3 40 19 48 38 2 8 41 18 10 35 33 18 10 37 39 5 50 32 2 18 17 31 32 35 32 40 31 10 12 8 29 27 36 14 
40 28 50 24 42 20 33 25 38 28 1 25 12 49 42 29 14 35 7 46 37 4 32 7 3 10 18 40 36 47 26 40 17 50 8 48 44 36 22 20 21 21 22 23 45 41 5 18 11 16 47 14 27 14 30 27 33 32 14 49 
7 17 36 34 3 40 32 6 43 14 11 20 7 50 32 33 25 30 7 16 48 12 48 25 13 44 39 3 28 7 1 22 12 10 13 46 42 18 45 45 22 26 28 22 28 40 45 3 16 1 39 30 23 36 13 15 35 15 27 37 
45 36 32 24 21 47 4 43 4 12 33 27 33 24 10 17 11 37 14 47 2 29 1 33 39 20 49 50 25 3 43 1 26 36 46 27 43 41 25 17 10 20 30 47 28 49 23 12 23 12 41 31 33 41 4 8 32 39 45 40 
14 28 19 41 32 22 36 4 9 38 15 39 19 32 47 11 21 17 12 40 16 26 29 44 45 26 43 15 35 2 34 30 13 18 40 30 31 42 29 23 35 34 17 7 22 6 14 24 6 10 2 49 16 42 40 18 28 26 30 47 
9 29 11 6 22 49 6 3 6 39 26 8 15 31 47 1 21 24 44 45 9 35 15 16 8 2 23 31 10 5 17 5 24 35 42 38 29 20 8 50 12 26 36 43 33 18 41 24 16 12 38 10 47 42 14 32 17 39 11 20 
24 18 16 42 43 27 37 50 33 43 32 31 9 37 31 2 20 6 45 2 44 24 27 1 14 33 46 42 41 34 31 33 41 23 17 5 50 7 5 50 8 28 50 42 35 38 32 10 35 10 29 15 3 23 2 7 28 45 49 29 
37 35 42 23 42 7 40 43 5 46 18 7 33 28 28 32 1 4 23 1 8 11 27 12 38 40 14 24 8 30 38 9 24 10 23 36 42 24 11 23 27 3 12 45 18 23 6 38 38 35 11 29 47 14 35 16 30 49 46 25 
2 42 48 39 24 42 41 1 24 22 36 11 41 41 14 4 5 26 26 38 16 3 38 50 45 6 16 41 15 9 21 46 12 28 24 46 27 47 43 7 2 22 27 12 29 4 24 40 3 19 8 28 10 6 49 38 21 2 45 9 
14 10 48 39 2 50 13 13 50 17 42 30 16 36 23 7 40 7 41 47 45 18 30 41 24 12 16 40 7 11 10 33 29 3 12 34 16 18 31 13 2 2 43 1 37 44 39 28 33 49 2 3 49 10 16 25 41 45 22 14 
47 1 48 1 47 49 30 12 16 17 14 37 49 22 25 21 12 50 49 18 2 10 40 42 29 22 10 39 16 9 45 24 29 32 14 7 32 35 19 40 46 43 44 11 18 9 43 22 31 50 18 11 24 5 42 7 18 21 16 4 
37 6 36 10 50 41 4 12 3 38 24 34 8 6 6 20 49 23 50 12 10 31 14 21 41 47 35 18 2 26 38 46 37 22 30 2 21 38 19 40 3 36 11 20 6 28 43 25 47 6 32 40 12 38 49 1 19 18 42 33 
39 20 13 28 30 5 26 42 12 12 5 22 16 13 9 10 22 4 9 6 33 25 8 20 33 11 27 42 26 15 34 15 18 26 7 15 46 39 11 11 35 1 48 38 13 28 37 2 30 12 33 41 35 16 12 35 21 38 13 2 
2 45 10 42 46 6 7 8 28 31 46 31 3 47 20 23 8 10 6 29 27 50 9 45 34 47 22 7 11 49 45 34 3 40 9 30 7 2 6 26 31 47 2 44 2 1 33 34 27 34 22 43 33 43 44 12 46 27 21 36 
50 4 24 29 16 27 42 47 15 41 16 26 48 47 9 30 20 44 15 11 49 13 24 26 50 3 16 17 27 29 21 12 28 20 26 18 12 19 34 35 41 26 48 26 35 4 42 3 35 1 24 43 9 23 38 14 1 9 4 13 
28 9 6 42 1 19 33 34 22 10 18 22 25 5 27 3 38 23 43 42 41 29 38 13 14 33 47 31 39 47 28 36 6 32 31 50 26 39 31 32 44 31 24 50 17 3 29 49 46 6 5 3 36 13 39 22 34 47 22 32 
16 39 6 19 23 19 13 39 39 21 42 32 22 31 5 42 4 13 44 46 40 44 12 12 42 10 15 31 1 20 4 37 24 41 22 2 48 23 7 46 29 19 1 49 19 1 45 26 9 22 26 24 11 28 27 45 13 6 10 15 
24 3 16 22 10 11 6 47 2 41 38 34 26 32 34 10 41 23 19 8 34 50 3 2 29 27 40 28 27 47 46 13 26 12 15 49 6 40 42 17 3 47 5 29 22 44 34 4 24 29 47 50 23 1 33 31 32 30 32 42 
26 2 41 29 38 7 22 28 28 42 20 47 10 21 47 10 8 7 17 24 22 17 8 36 15 45 14 24 11 15 11 33 24 2 36 22 16 32 1 18 41 28 14 25 49 42 44 39 47 29 43 33 28 36 39 7 18 25 42 28 
20 20 48 25 30 41 39 3 24 27 13 35 2 8 33 27 18 23 49 32 13 40 21 23 34 26 47 35 35 45 37 44 32 8 22 6 30 20 15 25 25 15 6 7 11 8 9 49 1 25 42 29 14 23 7 19 18 25 45 2 
43 27 40 25 10 24 8 42 36 16 49 20 46 23 3 20 38 7 35 15 4 45 38 18 23 33 14 40 44 28 30 26 29 14 49 25 46 31 45 42 37 2 43 41 3 16 17 8 18 15 31 5 33 47 19 24 12 6 45 22 
9 36 7 47 34 26 19 45 41 24 24 30 32 18 2 38 2 13 50 5 17 6 7 14 19 3 42 33 35 30 36 23 2 16 3 4 9 21 4 6 11 45 18 19 5 24 5 49 36 22 27 26 48 26 12 10 29 42 45 25 
3 49 49 42 10 37 7 19 17 49 7 21 45 21 30 50 26 34 36 28 26 47 36 7 49 46 20 38 43 8 41 30 19 15 38 5 31 7 26 25 47 25 22 19 22 33 33 40 9 31 41 20 46 34 27 36 28 2 16 31 
15 9 16 2 9 49 37 13 37 19 13 11 36 44 45 36 48 35 29 30 33 19 12 41 41 29 5 39 16 40 1 32 37 41 49 14 3 21 26 27 44 22 29 42 42 37 16 25 33 2 40 36 35 18 17 48 44 2 29 30 
14 23 13 12 37 49 43 26 18 14 3 5 24 40 15 10 32 16 36 35 46 39 43 23 47 23 50 13 21 23 16 26 38 9 10 44 9 6 39 14 44 44 42 6 49 19 5 14 16 27 11 47 22 24 14 27 11 12 25 46 
16 31 5 37 36 48 12 38 32 47 34 30 17 15 1 42 50 8 40 44 46 34 18 46 23 45 11 28 4 37 41 6 30 8 43 33 35 23 27 19 5 8 15 20 8 30 30 1 7 43 33 29 17 50 5 29 26 23 44 43 
21 33 39 17 2 44 19 24 45 36 7 14 12 6 19 24 4 47 15 27 29 48 27 16 24 22 21 14 47 2 6 23 24 42 45 40 10 6 24 10 37 35 6 43 43 4 9 30 47 24 31 8 3 39 4 27 29 3 2 44 
45 46 11 38 7 34 34 21 43 15 1 27 43 25 28 26 18 2 12 19 5 15 20 27 15 3 3 33 36 1 15 6 21 15 39 7 10 36 31 10 32 4 30 28 11 14 41 12 29 1 24 11 13 18 37 30 19 25 16 3 
6 10 48 36 43 9 15 48 18 44 10 13 49 45 2 13 4 24 20 5 30 22 42 34 8 12 26 36 10 40 46 11 13 10 1 14 6 17 26 12 50 6 50 45 22 9 25 24 40 3 36 2 18 22 6 23 12 38 4 24 
1 32 20 9 9 49 38 1 26 9 19 1 30 42 49 40 18 37 26 8 24 24 23 24 3 23 9 30 9 32 21 27 49 14 33 36 45 6 28 27 37 15 9 20 2 19 47 43 38 3 23 44 29 21 50 11 50 41 19 5 
38 10 37 30 40 1 50 15 8 26 43 47 28 46 47 8 25 19 8 11 26 36 41 26 21 16 13 16 36 26 33 46 23 26 32 37 28 4 13 44 40 31 12 20 26 27 38 49 21 36 14 11 7 21 22 19 20 50 44 10 
41 14 38 23 6 10 20 41 20 43 34 50 49 17 24 50 4 42 20 25 32 19 49 11 19 29 15 17 14 21 19 18 42 4 33 16 36 27 41 9 21 2 48 41 38 22 25 50 14 6 31 43 7 24 21 22 38 22 36 32 
8 9 49 1 50 43 36 29 3 37 25 22 27 17 3 46 31 22 34 2 36 50 10 41 29 33 10 40 36 18 50 25 38 35 32 46 47 7 1 17 21 2 30 35 30 18 9 31 6 4 40 14 25 17 25 35 24 29 4 31 
38 50 2 20 37 21 47 50 29 43 33 38 10 7 32 38 18 18 33 39 46 26 21 26 18 3 16 49 16 20 9 17 19 36 9 14 48 31 48 19 23 15 11 22 42 42 13 30 25 50 35 49 30 38 47 26 12 21 4 15 
12 34 9 10 36 32 30 18 40 6 45 18 23 10 32 11 15 12 47 8 3 22 16 35 38 41 46 3 33 36 35 15 35 20 40 39 10 48 12 45 32 38 8 22 20 47 15 17 48 27 18 5 23 19 4 13 18 23 18 49 
35 24 42 9 33 50 12 34 35 3 48 28 13 31 41 19 9 27 40 3 13 47 3 4 48 49 41 2 3 26 7 31 45 22 10 30 26 46 2 48 46 44 40 31 9 11 9 34 26 29 21 29 20 10 30 1 46 5 24 32 
33 25 7 38 21 45 42 32 9 42 40 40 9 44 21 49 30 17 34 27 46 7 49 23 3 26 4 31 19 42 31 3 35 8 43 43 22 13 35 45 16 33 21 35 21 15 7 40 27 34 15 31 15 43 29 21 13 50 5 5 
31 7 22 39 18 11 32 13 31 45 6 39 43 6 7 49 27 20 23 10 33 21 46 4 50 16 22 15 49 7 2 8 22 47 50 4 4 43 22 14 46 44 24 50 45 46 1 17 7 20 41 19 50 22 7 32 44 12 20 44 
47 15 41 3 12 10 12 18 45 42 50 17 28 8 2 49 31 3 19 39 25 43 26 32 32 21 19 38 25 1 2 30 14 12 10 8 18 20 15 3 13 40 28 9 3 8 35 34 41 6 29 13 46 32 34 25 15 42 14 34 
13 11 17 7 22 50 9 12 6 14 16 14 25 34 20 7 34 43 6 23 7 36 33 39 11 50 46 43 22 18 11 45 9 25 16 41 39 33 5 25 27 33 35 43 11 4 23 44 34 38 26 48 17 25 35 20 45 38 38 33 
48 40 25 23 44 50 11 2 22 48 3 15 18 32 47 38 35 34 47 6 19 3 4 14 38 43 31 38 8 22 21 46 47 45 10 26 24 35 7 35 50 41 28 36 43 48 40 20 28 45 1 20 37 3 49 23 19 7 39 38 
36 10 48 31 49 41 7 37 22 50 38 4 19 45 49 24 3 39 5 48 35 3 25 9 31 7 45 28 34 40 13 50 26 44 20 18 45 42 15 4 7 14 31 5 21 48 48 46 39 12 44 36 1 30 35 16 46 5 19 24 
1 2 31 26 3 19 18 46 34 4 50 14 33 42 31 12 45 16 29 32 43 46 44 27 35 8 1 50 10 30 19 31 17 13 37 49 45 9 37 13 48 1 18 1 24 20 50 21 3 48 40 25 13 47 3 13 47 32 49 37 
12 17 50 37 44 43 35 17 20 42 24 35 39 40 43 14 49 29 22 32 27 46 12 46 34 30 40 48 39 36 45 48 42 6 2 45 16 18 46 3 6 35 48 26 39 11 15 44 37 26 46 39 4 8 26 13 31 16 9 27 
7 50 47 34 49 44 46 37 3 18 24 33 45 3 8 25 39 40 1 49 22 17 20 45 23 48 50 27 50 25 23 16 29 21 43 44 50 30 39 35 5 1 28 38 9 5 20 16 32 16 12 30 39 15 12 2 50 26 35 8 
29 48 11 7 40 29 8 35 1 38 6 23 20 28 4 29 33 43 49 21 32 26 14 26 8 29 41 4 37 13 45 46 39 24 34 14 34 16 40 22 25 5 20 23 23 35 15 48 47 12 27 6 5 2 6 44 36 15 25 20 
44 8 2 28 45 27 39 29 50 11 28 30 4 42 40 40 22 43 5 40 12 45 1 39 27 49 5 9 34 30 1 36 40 3 7 39 15 10 27 24 40 2 44 19 36 9 47 2 41 46 28 36 19 14 11 27 3 22 21 5 
24 7 9 8 40 42 16 19 40 32 3 47 8 25 7 28 32 11 50 2 16 30 38 39 16 26 32 20 6 20 7 35 41 14 34 10 46 19 6 42 43 23 42 35 43 43 21 22 45 7 24 21 48 35 39 46 32 14 10 42 
46 7 15 17 37 34 44 26 36 46 47 20 4 14 35 16 41 28 9 23 38 1 30 36 26 37 21 19 38 39 32 47 38 31 25 47 28 42 6 24 11 30 5 26 35 6 49 6 23 6 6 4 33 22 7 36 2 32 44 21 
4 31 34 19 10 22 35 20 47 45 3 46 26 33 4 13 7 9 23 37 32 43 24 28 6 9 9 17 43 38 44 22 36 38 37 46 12 48 9 37 25 19 46 29 43 5 24 3 25 22 33 36 23 48 16 46 40 37 9 6 
37 38 13 26 29 9 38 14 7 44 2 34 42 13 26 23 10 23 49 30 23 22 22 15 3 49 1 9 44 29 33 11 2 3 29 39 16 3 8 2 25 33 36 4 7 48 50 4 15 23 14 42 38 7 16 2 1 16 13 48 
31 13 32 22 37 5 20 27 13 17 10 44 39 47 48 30 49 22 37 32 19 32 31 30 15 44 8 29 13 38 38 36 49 27 32 18 50 10 32 29 4 36 19 4 2 38 5 21 40 34 36 7 3 34 39 39 34 8 20 16 
35 49 17 25 34 18 2 37 26 3 23 25 12 24 18 29 13 8 19 44 33 45 4 14 9 9 18 19 25 44 23 12 29 16 39 10 13 19 23 44 44 47 4 32 12 10 31 36 45 11 45 24 30 13 14 15 33 31 22 12 
5 27 8 29 1 9 48 46 10 47 14 14 12 28 33 21 39 35 35 39 3 14 31 31 7 13 11 40 10 4 4 17 41 5 2 38 49 6 26 36 32 13 9 19 8 41 31 15 33 33 38 31 31 25 33 46 34 34 19 13 
27 3 12 4 47 26 32 7 49 7 23 45 48 3 48 25 46 39 44 35 28 31 49 26 7 40 5 46 39 18 11 34 40 39 25 43 8 7 39 38 2 10 32 11 32 27 6 43 39 37 25 13 29 28 24 9 45 40 34 32 
32 8 11 44 39 18 42 43 29 41 38 21 2 10 21 49 13 34 46 33 47 43 50 26 25 36 14 22 27 33 6 27 50 1 10 1 26 30 41 8 16 29 40 15 39 42 21 36 43 47 12 31 4 11 29 49 6 20 35 40 
41 22 34 5 30 14 32 31 24 1 25 29 37 20 44 1 20 40 2 7 19 23 38 15 42 5 38 44 10 29 44 20 45 21 38 1 47 43 48 40 2 39 19 24 1 10 17 23 3 19 19 23 8 15 5 37 9 12 39 2 
19 41 9 10 5 18 11 48 37 33 27 8 40 9 49 6 27 11 24 37 16 2 44 42 46 19 4 15 5 18 28 31 29 39 29 32 40 15 19 47 28 16 20 42 4 35 41 28 39 22 19 9 7 6 7 29 35 24 2 21 
25 3 29 46 34 48 23 15 43 12 48 3 48 23 22 8 6 18 32 32 36 17 7 13 40 21 40 7 4 47 27 40 25 26 4 43 37 27 10 47 27 40 44 14 12 47 16 20 35 14 15 15 36 6 38 28 31 43 21 49 
26 24 26 36 43 35 7 44 1 46 39 45 23 24 19 17 13 18 29 16 16 19 48 39 11 21 29 42 29 28 14 12 5 12 21 49 28 20 16 22 43 12 21 27 12 28 33 21 12 8 22 40 41 26 15 28 41 23 30 1 
10 17 25 14 6 40 29 42 4 4 5 23 33 24 45 7 22 22 30 23 19 41 6 44 25 45 6 2 48 7 16 15 16 40 40 4 9 38 16 15 11 45 41 50 49 28 30 13 42 2 34 48 30 47 36 23 50 22 8 27 
10 22 37 3 13 5 37 15 19 11 43 8 43 1 12 31 15 19 11 34 6 22 29 14 1 30 13 1 50 37 9 36 46 12 15 11 44 7 28 20 29 30 13 33 36 13 5 45 50 13 16 23 44 7 29 50 22 46 50 4 
24 20 10 49 49 4 35 6 10 22 23 22 49 25 35 44 48 9 46 35 17 25 14 32 5 15 32 46 45 17 14 44 16 40 49 1 20 25 41 33 13 18 27 39 44 13 34 27 49 33 32 33 15 6 31 29 2 27 21 40 
1 35 33 11 21 18 9 49 47 13 33 29 20 50 2 34 28 33 19 38 18 5 1 18 6 15 10 12 11 33 48 32 18 29 14 22 33 2 38 10 20 9 41 27 15 34 27 19 25 9 7 13 50 10 31 29 46 5 49 7 
10 15 12 18 35 31 35 39 28 28 38 41 2 40 39 15 16 50 10 26 30 20 45 7 44 42 10 35 39 46 37 13 22 11 25 23 11 3 12 4 27 36 37 4 40 34 10 50 48 7 44 9 36 45 50 37 23 45 14 29 
43 45 10 16 37 13 14 31 34 14 8 7 33 22 15 10 16 28 48 8 27 13 33 24 16 29 37 16 6 34 47 45 14 42 18 12 31 26 15 35 27 43 35 4 36 1 10 2 50 11 29 17 38 44 46 22 24 10 19 22 
47 1 23 10 43 16 40 11 43 45 6 24 3 46 21 21 48 45 46 31 9 50 18 47 30 13 50 23 42 18 46 46 27 2 26 44 28 26 34 25 32 36 33 42 6 28 15 19 14 42 25 50 22 9 20 39 19 50 11 28 
47 37 16 20 38 34 14 11 46 24 20 45 28 1 18 30 18 28 12 38 4 25 43 7 37 50 40 17 35 21 35 34 34 2 22 40 32 37 37 13 6 39 3 25 35 36 5 40 44 43 35 40 9 34 32 27 3 17 44 2 
38 17 26 32 46 37 22 40 38 39 11 46 44 42 28 19 21 25 10 44 6 32 37 7 41 20 4 7 25 29 45 29 35 27 24 43 19 40 47 48 38 25 50 29 27 30 25 41 9 31 47 5 33 45 35 17 36 5 45 30 
5 24 30 19 4 38 19 7 37 4 30 18 47 1 12 12 9 39 40 41 2 19 38 36 38 44 30 23 39 45 48 29 7 24 36 45 25 49 47 11 31 50 21 47 35 29 40 46 30 18 42 36 8 19 33 35 11 38 40 33 
23 10 41 14 6 14 13 47 16 33 49 48 15 25 38 27 16 11 22 36 4 4 39 12 14 40 2 5 33 16 40 25 20 50 21 20 49 23 23 12 27 15 22 26 8 20 26 18 50 42 11 17 33 41 1 31 46 21 15 41 
