90 90
12 10 24 45 46 21 18 36 6 22 23 24 48 29 35 39 3 47 37 14 33 1 27 11 40 37 10 47 1 31 32 15 45 25 34 22 32 7 5 29 24 16 2 28 47 36 13 1 32 35 41 45 29 1 50 49 9 22 21 23 40 18 13 23 15 18 40 15 19 24 38 22 20 6 46 11 49 26 27 12 25 7 50 37 38 13 40 21 10 15 
15 10 21 40 13 38 37 50 7 25 12 27 26 49 11 46 6 20 22 38 24 19 15 40 18 15 23 13 18 40 23 21 22 9 49 50 1 29 45 41 35 32 1 13 36 47 28 2 16 24 29 5 7 32 22 34 25 45 15 32 31 1 47 10 37 40 11 27 1 33 14 37 47 3 39 35 29 48 24 23 22 6 36 18 21 46 45 24 10 12 
7 35 2 3 23 25 48 48 40 46 14 6 22 48 21 30 37 23 34 40 45 17 1 21 36 15 12 25 37 41 6 39 21 39 49 18 8 5 38 50 21 32 25 41 17 41 33 47 12 30 47 24 24 14 20 1 34 29 43 26 32 10 32 1 37 39 10 29 50 30 16 32 45 38 17 1 46 23 47 8 13 38 19 22 15 5 33 2 46 22 
37 29 18 40 32 33 45 13 37 33 29 42 22 24 48 28 13 16 10 29 33 4 18 10 20 16 38 7 19 3 16 29 7 14 7 37 37 29 16 1 14 2 31 33 24 8 45 25 2 38 50 50 4 18 16 49 45 46 12 23 20 16 31 50 39 9 10 20 2 38 46 32 9 3 34 44 16 25 26 25 31 50 15 39 39 2 7 17 13 8 
40 42 16 31 45 28 2 41 20 48 7 30 39 24 12 45 12 2 46 4 7 27 15 10 9 24 40 30 24 29 21 5 44 50 10 21 14 9 15 21 19 46 26 35 44 8 8 30 8 18 26 23 30 13 22 37 14 26 17 14 3 48 44 47 17 4 31 48 11 27 47 49 38 25 32 26 45 34 25 25 13 45 27 24 28 2 29 40 41 13 
19 28 44 24 5 47 14 36 7 12 8 44 1 14 34 2 32 36 50 46 16 17 35 38 7 50 45 26 47 37 47 32 12 25 50 8 28 4 25 11 19 6 41 32 29 47 27 20 2 39 50 1 48 10 15 2 14 29 23 15 30 15 35 25 26 3 21 16 10 14 13 13 3 19 21 47 40 26 42 15 45 25 3 33 19 4 29 36 30 45 
39 39 50 33 26 1 5 46 29 30 50 28 13 43 48 39 44 1 39 1 34 33 19 11 43 32 30 10 36 31 49 36 5 6 32 3 46 11 43 41 36 33 15 11 25 30 44 4 4 42 3 43 49 45 37 17 30 16 38 41 25 21 14 4 23 20 44 39 48 48 8 49 6 43 22 3 14 21 4 15 36 50 33 19 10 12 19 41 7 8 
50 49 47 39 29 29 6 37 27 12 17 43 47 8 46 25 31 14 37 33 9 28 28 15 17 15 18 43 26 4 8 17 19 46 46 33 4 5 50 7 18 27 21 35 46 2 47 5 27 33 35 13 29 14 50 23 38 10 10 14 19 29 19 7 24 45 22 34 27 34 25 32 35 20 16 49 10 46 9 5 11 8 29 30 44 19 14 30 15 49 
26 16 48 8 43 46 40 5 11 30 34 30 4 27 41 9 5 26 40 38 20 43 50 18 25 27 3 5 45 34 31 32 39 28 9 37 12 20 3 47 26 36 27 49 29 44 34 27 34 25 5 38 46 48 29 30 13 43 48 21 31 33 45 43 8 5 37 49 11 33 22 9 25 31 27 7 18 4 42 43 9 31 47 9 43 22 1 16 42 47 
9 42 38 4 35 41 31 3 14 10 44 36 14 39 40 50 6 45 29 31 20 46 32 31 6 30 42 6 2 21 27 46 6 40 3 41 40 1 5 22 18 17 11 18 12 18 24 20 38 19 41 50 39 36 15 39 28 27 19 4 11 1 37 6 41 23 40 29 15 9 19 11 25 8 34 47 23 13 27 4 8 35 44 45 23 33 32 38 7 24 
30 34 17 3 13 46 42 6 27 21 47 8 33 17 17 19 33 10 21 30 25 13 31 18 34 5 43 20 7 38 15 8 48 34 45 38 13 36 41 9 9 47 41 49 42 39 32 5 9 7 49 33 32 2 11 29 10 23 42 12 28 44 34 21 25 35 20 6 44 41 11 8 12 2 36 48 37 30 22 21 32 47 32 18 7 42 35 4 50 39 
23 41 45 20 48 18 34 45 14 17 22 35 32 2 10 25 22 49 32 30 18 49 19 48 15 43 17 26 47 39 25 10 31 16 10 41 8 39 31 3 10 12 10 35 8 16 18 34 38 21 6 29 24 31 26 31 11 30 29 47 4 18 27 27 25 14 35 30 14 2 36 48 9 16 45 18 38 4 2 5 41 37 2 50 36 26 47 24 28 10 
45 22 12 12 20 34 7 42 40 24 32 28 37 42 8 11 31 15 13 2 20 30 33 31 45 48 1 4 41 19 41 44 40 26 50 42 24 27 4 15 38 40 15 8 42 19 50 46 28 23 29 3 16 9 8 30 13 50 24 6 2 14 5 40 39 25 19 48 35 35 21 26 4 13 13 20 10 41 29 28 14 35 23 41 19 34 33 20 18 44 
31 6 32 29 11 42 28 14 27 26 36 25 35 26 46 30 42 34 40 21 36 43 25 40 23 14 15 23 28 27 23 19 37 34 17 14 34 14 26 23 12 25 22 17 37 16 21 46 36 19 26 14 24 43 38 29 34 37 40 49 14 47 32 5 6 49 12 5 16 46 36 3 34 6 29 41 19 10 21 34 47 35 31 9 18 47 16 31 10 49 
3 15 18 32 35 9 16 30 5 34 10 18 42 48 9 25 35 21 18 12 15 27 15 21 20 1 29 40 46 13 46 22 16 27 39 30 18 43 18 11 34 47 31 15 3 39 26 6 6 50 49 10 50 42 50 35 10 24 31 6 17 44 25 16 5 50 14 23 33 18 24 28 34 16 40 12 40 25 39 47 8 36 41 31 41 40 25 29 45 34 
27 20 49 28 13 42 45 26 19 15 44 21 48 22 11 7 34 3 7 29 46 31 26 4 13 16 15 26 42 16 11 29 39 34 34 2 40 22 4 29 3 48 43 43 48 47 9 44 48 24 17 34 3 49 34 44 12 16 44 28 45 46 5 10 25 9 36 12 25 37 22 18 5 33 50 15 24 39 19 38 46 34 11 7 9 43 49 39 28 35 
8 21 14 6 17 29 35 44 43 43 21 50 46 31 7 18 41 32 14 39 17 47 45 6 9 37 44 43 3 25 40 19 10 25 7 29 35 31 39 1 17 23 46 5 8 29 26 42 10 31 40 16 23 12 40 35 6 17 8 38 18 28 11 28 35 11 31 37 17 26 26 29 12 37 43 42 50 36 44 42 39 17 1 6 44 25 19 49 29 4 
31 6 6 4 38 48 30 13 16 40 11 11 50 38 45 31 49 49 39 18 3 22 28 33 35 5 32 9 8 32 16 1 23 37 47 37 46 7 6 2 44 12 8 22 44 14 18 48 28 31 39 19 26 22 35 39 48 12 41 40 30 3 46 25 49 50 14 41 25 12 5 31 21 30 3 33 13 34 43 16 41 18 20 33 20 31 28 28 39 41 
40 42 31 15 12 10 2 40 16 24 28 49 12 25 28 40 20 38 7 27 35 22 22 18 27 22 15 24 8 50 28 22 13 5 20 40 45 19 18 19 43 12 46 49 23 1 15 24 1 29 33 31 49 43 28 31 12 34 1 27 27 28 30 30 42 31 30 2 15 18 40 43 27 23 8 21 43 28 27 18 26 50 23 9 31 38 9 19 17 13 
26 7 41 26 38 48 9 6 38 26 35 50 43 19 4 11 47 1 23 21 29 14 13 15 7 36 12 22 3 2 46 11 13 1 47 15 50 4 24 4 13 33 10 9 49 16 38 4 49 14 35 21 19 6 25 34 50 16 29 4 31 24 27 33 17 7 4 37 48 6 41 15 17 20 28 26 23 50 8 11 21 4 21 13 5 37 5 3 21 14 
23 25 45 18 39 35 20 21 14 17 35 35 40 39 43 13 34 8 3 5 46 36 17 38 17 28 20 29 5 22 38 12 27 45 9 17 7 26 16 40 44 31 11 43 46 30 36 24 17 34 20 4 35 38 15 3 39 31 18 28 12 5 8 44 27 7 33 8 33 48 12 47 43 4 13 11 24 46 22 20 21 48 25 17 27 25 47 42 26 6 
3 15 49 24 22 38 42 17 41 50 27 16 36 22 38 35 40 12 35 32 14 48 3 18 37 32 6 16 48 4 7 50 19 27 25 9 41 42 28 44 9 38 27 42 21 40 20 35 5 29 50 29 26 28 2 35 26 2 13 5 4 37 45 35 48 32 32 11 20 24 46 24 5 8 35 17 28 35 19 9 49 29 20 27 47 42 24 40 27 3 
36 4 35 23 11 36 36 18 18 30 48 37 33 48 24 1 12 30 39 6 7 32 50 47 20 5 7 48 36 26 48 33 1 47 43 20 25 5 50 7 5 9 15 50 35 8 24 35 19 27 17 30 3 27 45 24 41 39 28 32 9 24 31 6 28 19 42 13 27 17 44 42 4 45 30 18 33 15 33 50 4 36 11 37 43 1 30 47 42 19 
17 12 34 20 36 34 46 21 37 38 7 25 48 30 9 8 30 19 46 33 46 41 33 13 36 20 25 9 45 11 33 37 8 33 1 50 17 37 3 9 22 26 45 28 42 21 42 23 18 43 11 23 7 1 16 4 9 19 31 35 18 16 44 6 32 48 5 23 13 2 11 35 48 44 25 45 40 43 30 31 23 40 2 14 43 2 37 33 35 44 
8 14 3 35 6 26 49 49 17 25 46 15 17 40 6 30 23 1 35 5 21 40 47 5 10 47 50 44 21 8 20 6 17 4 27 35 33 36 43 44 17 5 18 8 23 21 49 14 34 33 9 32 3 18 43 1 44 11 6 30 48 48 35 2 23 4 38 5 48 28 48 19 2 43 33 4 15 42 16 37 40 44 2 6 41 23 1 13 8 33 
45 22 32 30 39 1 38 32 40 33 27 26 13 34 13 38 7 39 1 3 11 48 3 27 2 31 31 23 1 47 9 44 16 10 8 10 17 35 19 25 49 5 30 37 22 49 20 36 41 43 24 26 17 3 20 47 47 23 13 4 3 39 12 2 43 17 10 5 26 46 41 22 32 47 45 31 38 43 44 36 15 30 45 50 4 3 20 35 30 47 
12 18 3 41 43 3 23 34 4 12 2 33 20 22 15 27 32 11 4 13 20 17 13 6 34 15 14 20 16 44 35 8 26 28 36 23 15 28 30 7 7 25 28 45 5 47 17 10 12 29 29 3 12 8 37 27 23 24 5 17 2 9 22 28 43 17 42 17 35 45 42 26 13 45 9 48 31 5 21 38 26 21 7 27 13 36 41 48 14 11 
29 49 5 36 33 11 19 31 18 46 3 34 44 21 48 44 14 19 26 5 2 32 22 25 3 18 36 36 15 47 43 9 21 22 26 26 2 19 17 7 5 16 22 30 48 45 1 16 18 21 49 6 1 38 22 16 44 21 13 15 30 42 14 24 27 33 47 33 4 23 19 36 37 2 49 37 21 23 10 21 20 49 17 36 10 2 16 26 41 9 
11 38 36 9 28 28 35 44 15 29 26 12 47 42 43 19 40 38 5 29 39 39 48 18 8 41 36 17 28 38 13 36 29 32 29 7 24 7 7 7 7 7 40 38 46 48 4 3 44 14 32 45 13 1 5 18 19 48 3 15 25 11 43 44 45 32 3 29 40 7 42 33 50 37 15 14 42 2 5 41 8 30 36 34 30 29 44 41 1 8 
11 27 25 17 40 22 40 11 34 5 20 50 10 41 40 47 16 38 13 18 15 32 49 34 4 45 38 19 26 17 30 12 38 36 25 29 20 21 1 26 3 20 40 4 22 48 21 22 31 34 14 18 33 8 4 42 24 42 44 11 32 33 9 30 49 9 1 12 2 1 15 50 38 4 25 9 39 12 38 41 5 15 21 22 28 5 21 49 31 13 
36 20 22 23 33 19 10 47 47 4 23 16 11 41 3 13 47 11 2 7 17 27 41 15 14 48 6 20 20 20 50 36 26 42 31 10 4 11 42 47 40 23 31 11 49 28 8 4 20 8 32 34 32 13 13 33 30 46 48 18 40 34 22 50 20 31 2 30 11 31 30 5 14 49 9 39 41 42 1 35 5 2 7 42 11 20 47 2 21 24 
31 47 16 44 33 22 6 45 38 48 33 15 47 31 43 22 17 31 24 4 5 17 24 2 12 4 19 29 3 33 11 48 33 27 41 16 44 12 11 8 16 35 39 32 2 41 21 46 49 19 21 28 30 45 31 4 49 36 11 46 39 5 13 12 9 21 47 30 43 38 32 9 4 37 12 49 13 15 44 29 46 37 5 13 50 18 48 1 38 48 
50 45 20 11 19 8 3 10 29 47 30 1 37 38 9 11 24 3 15 7 49 44 5 14 43 47 49 49 2 29 39 39 26 3 6 28 11 32 34 8 48 34 49 48 46 42 50 47 37 8 38 15 1 18 10 31 39 23 11 7 27 7 27 46 16 6 35 3 12 19 16 38 46 36 8 42 11 50 26 17 40 32 6 4 26 5 29 40 21 50 
21 10 23 25 16 47 47 16 49 13 38 39 49 31 28 31 18 22 48 4 22 48 38 42 18 44 26 24 30 49 24 19 35 32 17 16 30 10 15 8 43 36 35 11 4 5 39 20 35 41 12 43 39 35 14 29 16 37 3 29 12 50 4 31 23 25 49 15 31 26 37 42 23 1 41 21 17 2 38 32 43 13 12 26 21 13 27 17 49 28 
19 14 46 21 17 30 25 15 46 32 27 28 20 23 31 41 24 16 30 17 11 4 40 45 34 39 11 20 7 10 40 35 47 26 50 34 13 23 49 26 20 35 41 20 23 12 29 43 15 4 4 29 39 6 10 3 2 24 46 48 29 15 22 26 22 31 8 16 1 32 41 16 25 36 29 19 14 46 7 28 23 24 50 12 25 10 44 27 36 21 
29 49 27 29 50 21 45 20 24 30 34 36 47 26 11 47 36 14 29 18 30 39 4 23 18 25 35 7 2 11 14 40 45 33 42 17 22 16 6 37 39 4 7 12 50 34 46 28 5 49 34 27 39 17 50 11 32 15 19 6 26 6 19 3 14 50 17 41 15 9 26 38 46 38 28 49 2 40 45 3 39 50 36 30 16 23 49 10 23 40 
26 30 42 11 37 34 23 29 8 30 47 37 32 21 5 44 2 43 7 31 9 29 1 6 33 10 8 48 43 34 47 26 30 8 12 24 8 14 41 28 8 12 14 6 22 42 48 18 44 21 36 9 12 31 20 20 35 2 35 26 19 29 3 38 13 7 20 20 9 2 29 24 36 39 16 50 40 35 8 16 44 10 24 20 25 37 40 10 3 33 
24 34 6 24 24 19 47 4 22 29 50 34 30 20 27 4 23 21 31 48 17 29 13 49 35 50 9 22 18 9 22 22 3 40 33 42 46 7 30 47 15 41 45 31 41 40 1 11 26 10 35 11 24 34 42 26 28 5 49 10 23 46 49 40 5 40 20 1 8 35 2 18 31 37 11 45 26 42 25 6 49 2 48 23 12 39 31 9 1 7 
37 44 27 15 18 32 49 1 7 31 37 20 20 42 42 13 26 5 16 35 2 32 36 3 16 28 13 4 31 29 7 8 49 46 50 46 46 6 15 20 24 10 42 16 45 13 41 36 12 1 32 26 12 4 41 18 3 43 4 48 19 33 16 16 11 49 49 12 42 17 47 27 10 21 18 5 35 44 2 38 2 30 8 48 22 21 48 35 32 8 
50 4 15 18 45 25 44 37 2 16 46 31 18 18 2 2 45 30 27 33 25 13 4 6 47 29 5 34 12 18 20 4 42 29 48 41 29 31 39 28 2 44 3 38 46 38 35 34 2 40 3 47 4 14 8 15 49 19 19 50 49 50 24 3 9 29 15 28 34 22 21 32 30 29 44 33 45 23 25 33 23 13 28 24 13 48 9 3 37 5 
47 12 13 43 22 4 4 8 19 29 24 25 2 17 42 27 4 50 13 7 28 48 14 47 37 29 44 27 39 24 25 6 8 36 42 42 16 20 45 43 32 41 40 28 47 13 5 27 15 17 18 3 20 39 25 29 24 9 9 15 38 24 45 44 17 39 38 2 24 33 35 1 5 23 44 40 5 48 10 48 9 15 4 50 34 8 24 14 38 23 
43 13 37 29 44 41 24 29 9 1 37 26 30 40 25 38 50 49 46 28 4 38 15 1 48 36 2 49 22 40 46 30 12 35 8 13 32 3 39 33 12 21 8 38 40 6 10 8 36 3 42 27 14 49 12 38 16 25 48 14 11 8 31 13 4 22 45 36 44 12 42 27 45 44 24 5 47 34 49 30 42 39 39 41 21 16 27 49 29 17 
49 37 46 35 14 47 11 18 16 50 16 32 4 14 28 33 45 23 26 15 40 44 44 3 9 46 10 12 33 7 44 21 45 24 34 25 25 3 29 1 23 22 16 50 1 2 14 42 31 35 49 36 6 42 20 38 17 5 15 19 48 25 8 6 4 13 34 25 26 4 19 42 3 40 37 31 11 26 20 5 36 44 36 43 32 17 29 38 3 4 
9 6 27 7 13 46 2 48 5 33 46 23 47 42 25 21 1 29 3 30 18 22 47 18 45 14 7 13 7 13 30 22 27 25 15 10 17 16 2 47 3 1 14 11 41 3 43 15 25 44 14 27 1 7 22 45 10 44 2 44 46 16 14 33 21 45 36 30 38 40 42 27 45 37 7 32 13 45 33 49 39 36 11 40 5 22 37 41 8 18 
49 5 8 30 45 42 28 49 47 22 4 50 26 38 14 49 2 29 3 35 25 13 30 41 33 46 30 6 39 13 37 32 1 43 27 25 36 49 12 19 25 15 5 35 47 13 31 1 23 44 48 21 9 12 31 43 30 24 19 17 34 21 6 40 6 31 24 19 17 5 21 16 14 7 43 41 9 50 15 40 5 20 22 35 38 37 28 43 36 49 
26 21 6 42 6 24 37 6 35 7 42 49 46 30 19 43 46 47 25 20 20 49 10 49 25 42 25 50 22 47 26 16 50 47 2 38 30 20 23 43 38 9 5 13 14 9 49 41 45 19 25 31 45 17 49 18 23 45 2 9 16 28 9 13 46 37 12 22 23 22 4 1 35 6 21 39 29 33 10 39 34 5 33 22 33 44 9 32 32 28 
13 28 37 27 20 17 32 21 6 24 43 47 41 22 5 29 42 47 34 22 39 38 47 38 8 4 41 2 36 2 37 13 44 13 44 26 30 22 32 25 21 20 37 34 25 23 6 19 22 11 36 2 11 39 5 24 37 29 44 23 24 5 22 3 25 48 32 2 7 45 41 13 49 48 42 19 9 4 25 25 50 3 4 32 15 35 34 14 23 11 
16 18 11 44 27 48 7 25 45 4 4 27 19 49 32 42 37 44 15 8 47 10 22 33 7 7 3 33 18 49 1 22 42 4 23 4 18 22 34 22 12 12 2 5 12 6 10 46 31 25 38 41 37 17 2 4 4 23 18 22 5 15 6 44 1 20 37 44 29 1 34 25 29 34 13 1 48 50 15 2 47 50 49 26 14 45 48 13 18 48 
1 3 43 20 19 43 42 40 40 43 26 43 32 3 6 7 45 48 3 49 22 24 49 37 38 45 30 49 11 44 29 32 12 43 42 40 14 49 36 40 41 16 41 5 20 4 39 4 29 23 3 24 2 40 2 49 44 8 38 33 10 16 46 1 30 27 6 30 41 8 33 6 4 48 17 32 24 33 9 47 21 15 43 29 27 12 27 15 38 38 
18 30 4 37 38 3 27 21 22 23 41 40 42 40 14 1 42 21 15 46 33 14 39 17 45 50 31 32 16 15 48 13 8 26 49 36 11 35 20 4 4 11 20 24 2 18 22 25 22 13 13 8 32 18 37 32 21 6 16 50 47 19 13 9 6 1 9 27 27 9 44 14 22 38 37 27 48 35 29 9 10 8 44 21 5 8 27 13 33 16 
21 27 35 2 6 43 3 40 4 5 25 26 48 36 20 25 10 21 7 11 31 19 30 46 43 39 17 8 25 21 15 8 28 7 2 39 20 40 9 48 31 16 47 23 17 22 16 40 43 49 20 25 24 30 16 42 42 35 37 41 33 9 32 42 45 25 35 47 27 26 43 31 27 36 48 10 21 15 9 23 49 5 40 20 4 11 8 2 25 47 
13 4 25 22 48 43 11 46 49 40 1 47 32 45 19 3 13 18 35 29 43 28 8 33 17 34 36 36 12 12 3 42 10 47 4 43 43 30 28 8 34 2 12 46 9 45 35 1 18 14 33 43 46 7 28 50 8 40 20 50 32 9 6 6 17 24 40 29 39 15 38 20 43 8 45 23 25 5 31 22 48 22 6 15 30 25 31 6 8 23 
14 19 42 17 24 39 15 24 25 49 6 48 43 23 28 9 8 18 14 7 35 6 42 28 19 38 38 23 39 40 27 25 11 28 31 16 16 47 31 10 24 35 44 18 48 17 5 23 13 50 23 28 16 27 9 31 12 35 38 50 49 20 36 6 28 24 29 28 48 29 47 22 6 50 44 21 29 42 28 2 5 45 42 3 6 39 28 28 4 27 
39 41 40 30 37 31 47 34 36 1 8 41 18 29 15 44 26 19 36 12 39 35 29 32 35 40 47 40 4 43 6 9 12 40 25 40 20 31 3 5 42 23 26 50 47 22 28 24 44 27 18 33 17 19 8 45 1 3 16 26 14 6 19 34 41 19 5 10 5 38 1 6 47 19 34 24 35 29 6 48 24 28 23 5 20 3 32 21 14 15 
41 17 4 50 41 17 2 41 39 50 48 28 8 44 10 13 27 23 11 20 10 43 28 26 33 34 13 19 28 8 41 2 2 44 35 28 19 42 10 18 26 48 28 8 27 7 17 31 18 47 17 30 44 6 43 19 19 46 41 49 35 25 7 30 11 21 30 43 4 22 27 2 11 13 37 9 10 14 22 4 37 49 6 8 29 6 49 21 32 47 
49 16 15 33 22 26 27 9 7 39 44 1 15 36 42 23 10 3 38 49 47 24 38 37 41 2 30 40 50 1 11 40 26 29 7 9 12 27 6 9 31 24 6 30 32 42 17 49 20 47 45 35 10 5 35 22 15 23 7 41 4 10 28 45 16 42 24 12 8 47 38 21 36 37 47 29 26 48 7 43 26 46 8 8 26 26 42 17 25 28 
49 6 1 34 8 5 44 9 1 31 46 34 4 28 16 1 47 45 35 14 38 27 21 44 42 21 23 4 20 16 18 41 13 28 44 37 19 30 11 28 28 3 20 15 38 13 12 17 31 42 14 10 48 10 39 23 35 12 17 35 50 41 19 48 32 6 37 24 4 47 2 1 23 23 36 42 7 42 37 11 40 13 33 16 48 12 15 42 16 36 
34 11 16 16 12 22 24 27 8 2 27 32 12 8 7 22 42 48 25 23 3 5 6 14 48 41 6 8 38 26 2 23 22 19 34 43 34 18 21 28 5 49 50 41 41 24 24 40 50 23 18 40 4 41 32 34 45 11 36 29 35 11 22 40 2 6 22 26 26 14 2 17 18 43 50 30 50 24 38 4 12 39 40 29 28 36 1 50 42 32 
21 37 25 20 28 24 32 26 14 39 2 15 4 40 28 46 37 37 42 16 43 20 17 17 17 32 46 39 12 35 44 13 25 48 4 40 25 6 38 5 35 36 11 33 22 48 35 29 31 15 2 4 2 15 43 18 28 37 13 17 45 18 39 10 46 38 23 11 6 5 26 42 49 9 38 18 45 7 47 45 40 16 5 10 38 19 44 28 10 49 
49 45 22 18 13 43 13 7 17 45 27 42 44 29 32 49 28 36 35 16 24 6 35 18 47 40 10 37 35 35 11 43 46 19 49 36 38 26 16 47 1 45 15 28 42 40 9 29 14 49 19 10 14 2 34 17 29 34 38 31 44 40 16 3 38 29 13 1 6 33 27 34 48 32 5 48 17 4 20 17 11 17 16 27 41 16 37 18 28 43 
25 4 43 3 20 46 8 15 20 38 44 44 23 41 49 50 49 45 9 8 1 8 4 24 42 22 7 44 13 19 11 4 6 48 36 27 8 17 45 8 48 41 32 13 26 43 2 42 20 41 46 6 41 5 33 28 50 9 21 24 32 4 35 41 14 24 43 46 6 34 5 13 22 45 32 1 12 16 26 3 39 41 28 22 4 10 35 13 31 27 
7 20 22 41 5 48 19 27 2 12 26 4 16 1 31 44 42 33 33 21 4 31 32 47 3 24 36 44 49 34 13 45 37 12 46 20 46 16 11 26 25 24 38 25 23 8 44 33 4 16 46 23 17 48 16 10 42 7 26 21 43 25 35 10 34 42 10 4 46 32 46 44 6 35 29 25 48 14 28 28 29 25 24 14 32 39 28 8 13 34 
44 19 32 7 22 5 18 24 10 31 22 29 18 2 46 7 36 26 30 29 7 44 38 31 12 7 1 1 12 38 40 17 12 34 20 41 44 42 49 46 33 6 37 49 17 5 26 44 38 50 26 37 33 43 5 8 20 30 13 44 17 37 15 48 29 4 42 11 50 15 31 40 13 10 39 18 5 3 45 17 49 47 6 36 1 32 29 47 11 11 
35 30 38 6 44 40 29 43 32 19 1 3 10 8 34 3 37 25 15 30 3 38 20 27 37 45 5 17 13 14 16 47 40 14 30 7 11 4 4 15 30 28 43 6 24 46 46 24 6 11 1 33 11 37 12 40 30 30 11 39 47 45 3 12 45 33 11 32 47 44 1 6 29 11 47 46 5 37 20 10 39 30 23 18 41 33 7 28 28 8 
9 5 30 31 34 3 1 29 38 32 46 36 42 30 43 8 14 10 30 31 19 43 5 48 44 31 37 23 1 33 30 34 38 28 13 24 3 36 36 3 16 16 22 10 9 13 23 32 43 44 33 12 12 15 21 20 45 21 37 33 36 45 43 38 31 41 12 41 26 19 11 12 35 21 49 47 8 19 3 18 46 35 40 35 43 50 50 15 7 38 
5 33 8 42 40 15 43 15 27 18 14 18 11 22 50 46 31 50 5 28 39 4 50 17 5 1 7 50 50 14 17 37 9 13 14 2 13 19 44 35 18 45 27 13 14 16 22 49 17 49 17 23 20 30 40 40 32 16 19 30 4 41 31 49 12 24 30 46 27 47 47 43 19 11 48 47 47 16 11 22 13 14 47 30 30 15 22 21 10 22 
45 23 13 46 21 49 34 23 29 30 13 16 47 40 29 27 5 6 2 46 22 24 41 14 25 16 22 30 3 22 9 27 37 7 2 4 16 20 41 2 17 3 27 15 48 42 8 13 24 45 3 4 18 38 27 40 27 22 12 21 17 39 39 36 1 25 42 50 1 43 20 42 28 8 28 39 5 20 44 1 44 2 33 12 31 37 14 42 11 26 
23 41 29 29 16 6 47 2 45 12 29 23 50 35 27 7 44 46 47 14 25 8 29 49 11 34 24 31 44 26 29 1 40 31 49 47 18 39 22 30 24 16 13 31 19 3 16 5 37 32 16 49 30 48 27 33 23 23 14 11 36 30 8 50 29 5 49 19 50 37 45 42 10 34 27 44 24 45 9 39 16 31 41 23 41 12 22 4 7 24 
10 34 27 17 47 1 23 43 43 29 10 21 50 34 48 48 24 41 3 35 4 7 48 6 25 49 42 42 49 47 43 24 38 7 43 12 45 2 49 28 44 40 47 48 39 1 3 40 36 13 40 38 31 35 25 37 20 11 21 36 36 23 6 49 27 50 8 43 49 35 30 49 7 22 30 38 26 21 39 7 20 11 18 48 35 23 15 49 11 20 
46 15 11 34 41 3 20 21 25 18 10 16 3 42 15 27 18 5 33 35 1 22 47 14 43 13 39 21 6 19 37 7 30 16 7 1 48 14 13 45 22 29 31 1 29 49 48 10 19 49 45 33 30 31 35 50 45 8 3 41 39 43 32 47 8 47 10 49 7 15 12 1 9 25 16 14 23 19 32 1 14 45 20 41 35 12 22 8 32 28 
5 3 27 31 35 19 8 18 36 10 10 31 2 24 24 15 10 7 1 25 40 27 25 6 38 11 29 13 40 20 6 49 5 16 20 44 37 2 7 22 18 48 16 11 11 19 29 43 40 28 30 12 14 32 37 30 22 17 44 16 17 49 19 33 7 25 4 27 35 19 43 25 8 34 22 1 33 5 46 40 44 10 31 30 48 43 15 21 41 35 
3 45 43 15 13 15 40 32 33 26 32 41 37 24 38 43 30 27 10 21 34 4 8 42 8 41 14 32 27 10 26 1 1 7 10 45 33 1 23 40 32 2 42 9 33 25 19 27 40 17 16 41 27 41 46 4 30 48 32 38 26 33 5 48 29 17 6 16 45 6 27 38 36 31 25 15 50 34 15 18 11 5 1 17 47 8 17 5 19 16 
22 26 5 6 43 8 28 47 47 3 3 46 12 34 19 4 4 36 37 28 28 40 9 21 31 42 16 49 45 33 3 2 44 5 44 37 47 10 48 33 13 45 29 41 44 29 45 44 2 48 28 43 6 48 41 42 44 12 34 35 44 30 34 40 16 26 19 46 13 32 42 46 6 47 46 34 47 29 35 7 46 24 49 16 6 3 50 47 9 30 
14 12 17 17 4 24 46 6 43 43 33 8 48 49 22 50 34 25 2 40 9 18 9 24 3 20 28 47 14 38 40 8 48 30 32 34 34 4 10 30 31 20 47 25 18 3 4 1 17 7 14 34 14 1 9 19 26 45 12 13 46 35 9 47 44 42 11 34 14 15 50 5 35 26 47 33 38 46 48 33 27 37 20 19 1 14 8 43 18 19 
1 15 44 35 29 27 20 35 42 27 13 33 4 18 30 42 4 9 40 6 40 35 22 37 22 15 46 42 49 48 45 22 17 47 12 3 27 25 36 39 20 13 36 24 2 40 30 1 10 10 3 4 45 2 3 37 28 44 30 20 13 23 45 49 10 3 14 22 39 34 26 44 2 14 6 40 24 26 34 30 10 34 43 39 36 12 49 15 36 24 
50 7 3 32 4 21 5 37 48 42 40 17 13 13 30 48 40 28 35 26 8 50 8 47 7 5 19 34 48 10 2 17 49 47 42 41 39 18 34 33 11 7 5 19 49 10 33 7 10 42 5 17 5 3 6 27 44 48 43 16 1 31 43 49 26 20 18 29 2 38 21 39 37 6 49 47 50 46 4 20 35 3 6 21 16 29 3 2 25 9 
19 49 10 4 12 12 50 29 24 5 36 25 35 5 13 46 49 14 29 27 30 11 50 9 29 33 47 17 43 4 5 39 12 25 50 1 29 10 20 41 47 23 10 50 2 47 24 41 45 15 35 35 16 25 38 15 1 37 8 24 28 49 20 13 43 47 27 10 16 31 36 5 15 19 9 32 50 27 37 35 23 47 6 23 11 8 16 42 6 32 
50 48 12 7 41 15 26 4 6 50 5 44 45 17 37 22 31 15 46 33 43 37 28 25 7 18 18 30 22 18 47 39 9 15 21 24 43 29 1 1 32 6 34 41 50 25 38 40 14 27 14 43 2 28 9 28 26 50 17 12 45 44 31 29 39 8 2 47 50 38 49 20 32 26 22 13 17 34 6 45 6 27 12 31 7 46 39 10 41 5 
22 28 17 28 7 31 2 21 2 9 43 25 31 29 49 26 29 1 23 23 26 50 19 20 26 7 13 42 33 26 15 6 41 35 10 30 30 48 14 46 15 50 18 4 24 49 45 13 13 25 8 50 21 43 31 42 28 14 22 3 17 30 4 27 20 10 16 39 10 19 43 40 21 7 42 35 49 13 17 22 47 18 18 41 35 3 8 45 50 22 
33 49 7 35 27 9 8 17 1 22 9 35 37 34 42 36 47 26 2 11 9 11 37 17 2 27 27 44 42 39 12 32 10 8 2 41 25 32 36 48 10 20 18 39 33 6 24 4 13 9 50 37 31 14 20 8 11 25 6 17 44 9 45 34 2 11 8 33 24 34 19 15 43 37 15 46 45 50 10 33 47 28 16 10 1 26 44 37 25 35 
14 16 14 40 42 37 25 43 7 50 24 26 47 43 29 11 26 37 13 19 18 18 41 18 10 31 25 27 37 20 8 26 10 48 8 28 50 11 33 46 35 7 2 18 14 5 21 50 9 32 4 49 26 39 46 16 37 49 42 29 43 19 28 5 17 26 25 39 13 40 12 17 13 7 48 27 44 42 39 48 23 22 5 22 5 34 14 12 27 44 
34 1 22 22 6 26 41 3 25 12 41 4 1 43 32 47 2 16 32 49 48 3 3 43 20 49 3 11 41 34 19 39 29 19 49 33 33 7 11 36 20 50 32 49 6 4 5 6 34 42 7 42 11 24 46 14 32 47 37 24 10 8 44 2 19 22 28 10 21 9 16 38 26 11 28 47 26 42 8 47 10 42 8 23 31 5 12 47 43 38 
31 37 5 12 28 24 40 1 16 35 6 39 33 32 45 3 2 8 12 22 40 33 20 43 43 44 43 43 28 35 34 30 17 14 33 20 13 15 43 6 41 9 40 9 10 9 17 36 5 6 21 33 34 19 39 41 8 10 14 19 17 8 11 40 22 21 38 9 15 46 48 31 15 40 12 22 48 50 50 21 38 17 21 41 20 46 29 12 45 35 
5 17 27 26 17 27 27 28 47 28 6 10 21 40 49 3 17 13 30 25 43 19 13 38 7 3 49 21 2 48 43 44 2 18 33 26 35 39 11 17 11 21 20 22 48 20 41 48 25 14 8 25 42 2 20 40 16 44 20 1 8 7 42 9 40 28 38 9 41 4 11 31 46 24 30 45 25 46 17 24 48 31 19 34 43 12 9 25 45 18 
18 50 31 5 34 41 2 13 2 42 13 30 24 38 3 4 28 38 42 50 19 47 9 33 30 37 16 4 45 50 27 45 47 7 30 20 48 30 25 5 12 38 45 22 19 37 31 14 36 44 50 12 32 49 46 21 7 10 43 38 13 10 11 48 25 37 15 31 50 16 10 30 39 6 41 49 50 22 1 11 35 8 47 5 28 10 32 43 41 2 
23 10 2 7 45 40 38 27 20 20 22 21 1 20 33 27 50 11 21 42 34 35 50 21 11 15 13 18 32 40 35 49 28 39 48 48 10 9 48 19 41 15 2 23 23 6 47 5 50 18 47 15 19 38 27 36 4 10 42 21 2 50 21 29 36 34 43 37 14 45 44 50 28 41 5 10 19 33 14 32 31 32 29 48 19 31 45 36 18 26 
25 1 1 38 42 39 17 17 13 18 31 25 25 14 14 11 4 14 13 3 40 49 44 48 25 8 24 33 33 7 50 33 19 48 38 23 27 35 42 22 42 35 11 20 9 32 15 39 46 41 26 8 4 1 29 9 26 27 47 48 18 6 2 25 50 42 28 39 9 29 1 12 1 4 23 41 21 9 28 15 31 1 4 24 27 39 13 43 27 45 
39 20 30 9 22 12 20 45 32 3 14 40 29 23 39 5 18 32 23 32 24 21 15 40 48 43 1 33 45 37 19 14 40 32 30 29 26 10 45 5 7 5 17 23 3 4 40 32 39 11 2 16 44 22 24 42 22 43 21 16 47 47 4 40 25 33 9 22 44 27 33 6 50 3 33 44 7 10 10 9 33 7 23 28 31 17 11 9 3 7 
40 47 39 27 46 45 28 6 1 19 15 45 37 42 37 48 22 23 39 25 45 22 29 41 23 31 3 32 13 14 4 8 33 3 12 10 49 7 19 11 11 44 43 38 5 32 13 5 25 45 10 45 5 17 2 15 23 37 33 29 43 13 49 40 27 28 42 40 2 35 31 28 28 7 8 9 46 10 31 16 31 6 40 36 21 4 8 39 43 23 
19 43 41 35 19 49 20 38 10 20 13 50 1 14 24 17 36 48 42 9 33 8 44 8 13 5 39 35 14 3 7 39 41 42 13 46 35 25 4 12 29 12 16 26 35 12 8 1 15 45 3 15 34 24 7 36 7 6 5 39 31 45 34 6 20 16 25 21 44 42 4 39 14 40 8 20 39 36 27 28 50 15 24 13 8 18 25 50 38 35 
46 30 10 43 6 44 26 37 25 2 13 6 13 6 10 5 5 9 3 44 33 17 34 45 11 11 4 27 26 7 2 24 36 15 32 4 13 10 20 49 44 13 24 48 22 4 7 4 43 33 34 50 29 45 49 33 20 5 36 31 35 21 50 39 2 30 3 1 31 26 47 28 49 6 14 31 22 3 28 13 30 31 13 44 30 5 28 27 35 11 
48 16 41 48 16 50 20 40 18 15 31 35 24 22 35 20 20 3 3 3 47 50 13 45 6 46 37 17 18 25 32 3 41 22 16 25 4 14 4 37 4 10 26 15 22 9 38 16 45 8 33 23 20 38 23 45 11 43 38 5 39 38 26 11 41 23 27 30 50 45 30 18 42 30 31 27 39 41 50 24 28 37 29 22 17 31 1 49 50 50 
8 18 18 37 44 17 8 19 7 37 44 25 10 32 25 1 22 16 24 4 29 28 32 13 15 7 44 22 11 1 10 23 18 9 22 18 50 29 25 37 20 49 5 12 41 15 25 36 10 29 43 6 20 43 24 35 19 50 34 7 49 31 46 40 6 23 3 25 28 39 33 18 19 31 35 45 10 23 25 24 18 13 36 44 40 48 42 21 45 32 
17 40 25 5 22 31 11 34 37 9 28 11 10 36 25 8 28 35 17 2 36 30 6 21 27 38 50 7 47 19 46 13 13 10 28 31 50 30 10 37 35 15 20 1 28 23 23 23 42 12 24 38 41 30 7 28 16 48 34 33 6 44 23 26 10 15 5 3 45 25 23 5 12 11 47 28 2 27 43 16 41 49 1 11 9 6 26 39 36 13 
6 5 17 3 29 43 49 46 37 25 15 21 19 35 44 5 6 44 4 48 8 37 32 2 2 23 10 26 35 35 27 14 42 29 11 34 26 13 16 34 20 5 44 25 39 11 4 9 16 20 10 2 3 11 3 15 42 39 41 26 17 8 37 17 25 34 2 43 21 25 16 31 50 25 20 13 25 21 48 18 21 44 5 22 38 18 26 7 7 26 
26 40 43 1 32 32 13 34 2 49 3 50 24 35 3 43 36 35 14 14 47 1 13 19 25 9 4 26 17 5 12 32 23 27 21 24 36 10 38 12 50 17 40 45 11 28 33 20 12 16 29 41 1 14 12 17 7 15 36 10 26 25 27 14 26 44 20 30 40 3 9 22 43 23 1 45 50 7 3 24 37 19 48 21 29 9 9 4 33 26 
28 38 18 49 40 28 31 11 3 13 18 3 50 15 37 44 21 13 37 47 32 4 10 3 18 25 42 27 7 14 24 27 27 15 44 24 41 37 37 40 2 20 34 13 13 27 49 17 46 28 49 40 38 6 16 32 34 23 14 26 35 19 23 13 10 2 46 50 22 43 24 34 6 38 46 38 38 6 26 42 25 39 22 18 45 3 16 38 32 15 
7 2 7 43 40 37 29 32 7 5 1 19 29 14 2 34 48 42 18 36 23 6 29 38 12 4 23 45 34 42 39 42 2 48 49 40 34 3 23 35 28 14 32 7 7 13 35 32 17 1 6 1 39 33 17 20 21 10 44 12 49 49 18 29 5 47 29 8 44 5 27 41 9 28 24 41 30 45 47 38 49 12 11 3 13 11 23 9 6 32 
49 20 6 31 8 49 27 3 7 11 27 36 24 25 7 23 38 21 7 48 45 43 39 33 7 24 35 12 1 2 17 27 32 8 36 44 42 32 9 8 22 43 26 11 4 28 35 17 10 13 30 39 20 42 6 7 24 20 16 12 35 49 50 14 33 17 20 31 26 33 24 9 17 8 10 24 12 27 3 3 48 5 11 5 6 22 15 48 32 38 
13 29 16 45 43 9 21 15 16 3 50 7 7 41 38 18 36 33 17 29 45 9 41 29 39 4 22 12 44 10 42 46 17 44 8 48 22 6 32 40 27 13 47 37 22 20 35 33 36 5 49 14 31 19 14 49 17 2 47 2 44 32 41 39 11 39 7 41 10 2 24 29 2 13 48 7 14 8 18 20 19 41 16 44 25 20 31 17 31 12 
5 36 37 48 50 13 22 43 44 24 18 5 8 3 38 37 20 4 33 20 35 7 6 42 45 38 22 9 29 29 46 25 13 17 28 37 35 9 40 11 44 24 4 22 8 12 16 38 6 2 3 26 43 17 39 20 46 49 36 32 7 18 33 1 36 18 38 40 48 29 10 25 20 6 25 29 10 21 31 29 12 6 12 30 44 38 41 45 3 8 
15 23 24 32 23 43 32 44 49 1 23 24 7 40 3 7 39 14 15 49 23 42 16 9 38 41 40 17 36 36 34 29 49 33 26 8 35 18 18 13 38 34 18 1 1 43 7 8 13 18 37 26 27 45 49 46 18 36 26 44 5 42 29 25 13 14 33 38 2 38 39 6 2 21 50 44 14 42 30 12 27 40 30 19 40 14 48 8 28 3 
14 17 38 22 19 28 15 25 35 5 2 31 34 42 35 21 34 20 37 41 45 2 34 38 31 46 17 23 12 7 14 24 44 44 49 38 6 36 49 8 13 35 34 4 23 42 45 33 49 44 18 39 35 35 11 50 34 15 5 26 48 47 42 7 27 18 25 30 20 50 25 37 11 17 15 8 31 6 14 43 37 12 6 1 43 38 27 7 1 29 
24 30 6 1 48 29 22 44 26 48 20 46 7 27 43 24 18 49 34 20 8 35 48 22 48 25 36 49 3 13 45 40 45 38 21 41 37 1 48 21 32 43 35 34 10 13 44 16 12 4 45 37 30 46 30 38 10 10 30 11 9 25 22 1 47 36 30 27 15 39 29 28 46 36 13 45 23 19 4 45 28 18 35 41 18 26 32 10 45 32 
28 6 44 49 42 20 29 18 49 42 42 1 18 49 31 48 25 28 20 3 3 25 42 9 10 20 28 47 23 27 29 29 21 5 42 23 13 21 48 32 23 48 28 28 19 48 13 38 44 46 24 22 24 22 5 19 50 40 34 2 38 14 2 21 45 46 27 40 46 6 16 30 49 20 11 17 21 21 8 20 8 46 47 16 7 6 38 15 7 19 
47 22 49 49 32 46 6 28 47 25 11 9 26 30 7 25 50 36 38 45 21 40 50 34 12 11 10 11 7 26 43 40 47 31 46 37 25 12 15 38 20 38 48 18 22 33 14 6 39 5 18 19 24 20 5 10 37 42 42 23 48 36 46 45 3 1 47 21 42 17 34 39 15 9 34 32 18 12 7 19 42 12 40 15 47 9 40 27 27 34 
35 16 24 26 28 42 36 13 33 47 1 11 37 5 12 1 31 31 46 37 10 44 37 8 48 10 7 14 10 35 35 27 21 13 25 5 47 34 33 19 42 14 13 32 28 50 25 8 21 44 10 44 22 6 14 38 14 8 36 40 39 14 39 41 38 9 40 45 27 7 49 40 48 34 39 17 19 49 22 28 17 23 19 26 18 16 23 30 40 45 
5 41 17 47 17 29 31 12 46 10 39 50 2 39 4 23 10 48 42 33 41 36 29 8 13 16 18 41 49 40 35 19 14 47 39 26 8 41 34 33 43 31 17 13 31 19 48 43 7 14 29 50 15 7 5 10 47 47 25 14 18 18 37 16 44 48 4 40 16 11 7 10 14 27 21 35 14 39 8 50 36 22 2 48 48 13 40 19 40 15 
28 4 38 29 10 5 46 48 35 2 45 5 49 34 8 36 2 18 25 18 36 14 44 10 44 48 34 48 16 4 38 50 36 40 16 46 29 28 48 39 43 21 29 11 10 49 6 22 31 41 42 3 11 9 12 14 45 21 33 35 31 26 6 43 13 46 23 47 50 8 31 30 44 43 42 5 39 48 19 42 28 33 36 15 22 31 35 47 49 46 
45 34 33 25 24 3 37 10 11 27 5 20 33 45 13 42 14 35 22 5 10 11 40 7 27 25 48 24 40 10 25 49 40 47 15 1 48 32 36 47 1 30 47 48 22 5 11 39 8 33 12 6 44 12 46 22 1 5 45 44 35 27 48 1 37 37 35 44 2 14 35 19 23 28 10 21 48 37 30 21 20 31 4 5 27 43 39 5 22 38 
23 13 7 33 30 2 26 3 35 30 30 12 12 3 3 30 20 7 11 49 18 13 28 13 27 36 16 30 42 45 26 35 10 41 29 41 30 41 49 5 8 1 47 15 45 23 21 44 26 48 50 20 26 42 22 15 13 41 2 26 7 49 22 39 31 10 26 47 13 6 41 13 22 3 41 14 47 44 16 1 22 16 15 43 42 18 26 14 22 14 
43 50 36 26 33 39 21 42 23 9 24 4 49 34 46 38 11 11 5 38 16 46 50 27 9 22 18 15 9 22 35 13 48 40 36 21 31 34 33 26 12 2 37 20 15 24 20 42 40 16 2 50 39 43 45 10 39 23 10 46 39 15 2 25 17 40 18 33 21 41 1 8 28 3 31 23 20 40 48 42 21 32 33 31 1 34 47 27 14 17 
8 40 4 2 27 6 39 44 5 46 10 3 43 39 42 2 29 33 8 1 16 45 11 14 26 2 32 21 18 21 36 6 28 8 12 50 45 33 36 16 32 19 38 11 9 42 43 50 49 28 27 10 44 43 2 18 35 4 35 49 13 49 2 45 26 40 29 49 28 20 22 46 37 48 34 9 33 37 16 26 2 35 12 22 47 9 45 42 47 16 
36 26 32 33 40 11 46 31 5 7 50 37 50 7 4 12 25 4 22 27 39 32 33 13 27 40 12 45 1 44 14 15 45 14 43 33 42 44 50 8 42 18 19 19 36 2 14 1 1 38 49 43 37 26 29 28 49 39 47 42 13 30 4 16 16 27 6 43 12 7 34 38 47 39 32 8 9 18 15 46 4 41 31 21 38 21 48 22 7 16 
23 36 32 20 11 26 39 11 21 36 41 4 28 13 30 41 19 37 41 11 31 48 24 46 26 5 50 22 42 10 29 44 27 8 22 39 36 47 48 2 5 31 45 20 7 32 23 36 40 9 16 17 32 30 43 7 50 49 7 37 6 29 23 27 50 2 20 4 48 2 33 43 21 47 39 26 35 17 21 4 12 48 11 24 7 49 10 9 49 19 
45 16 33 38 30 12 8 20 23 37 40 29 21 12 13 47 25 46 30 11 14 14 29 18 22 23 3 40 27 25 32 30 21 26 38 7 6 17 23 10 38 16 32 33 42 7 11 47 5 46 49 15 8 42 17 49 2 27 11 10 18 43 30 39 19 32 28 25 29 44 15 2 38 23 15 34 22 13 27 25 18 33 15 10 45 18 42 25 47 23 
1 18 49 21 12 40 34 39 5 28 33 30 21 44 5 40 32 23 26 10 31 3 50 22 40 19 33 44 49 2 50 28 32 3 35 1 40 21 1 33 12 10 10 20 45 10 30 27 17 22 8 4 16 24 12 23 5 46 6 30 27 22 38 27 3 42 4 22 40 20 50 26 4 50 6 30 47 24 14 45 5 12 13 19 35 45 2 33 33 20 
26 32 4 1 25 45 8 28 45 43 30 16 2 47 25 8 20 32 30 24 18 49 13 41 1 9 39 24 20 9 5 43 22 43 32 29 30 13 4 2 1 50 49 19 45 49 46 10 50 27 44 50 49 21 41 6 12 16 28 40 40 41 4 10 22 23 3 35 16 37 42 9 21 21 21 23 7 11 20 43 46 7 25 47 30 39 20 38 4 8 
16 47 3 1 20 42 8 6 33 13 26 10 30 35 38 42 22 11 45 47 41 28 12 20 6 9 31 34 21 26 20 12 35 47 43 10 33 12 34 36 47 20 35 21 25 29 44 26 1 19 42 13 24 18 4 9 7 3 23 19 32 29 10 39 28 18 39 7 26 8 6 12 37 26 29 18 16 33 32 20 22 26 22 24 44 20 35 39 6 43 
27 21 40 48 5 28 24 7 10 50 20 25 29 47 39 46 37 7 24 45 48 32 45 50 7 20 29 31 33 48 32 28 18 24 22 48 45 50 28 20 29 23 28 12 9 17 14 16 1 9 49 12 22 36 46 37 7 40 26 24 38 28 37 22 5 26 39 45 30 34 36 28 18 11 47 28 30 1 10 44 13 1 20 50 18 43 46 5 4 43 
24 15 16 50 7 42 6 2 17 32 7 36 38 27 46 43 9 8 36 15 19 27 11 28 22 21 35 16 24 14 8 29 41 1 7 8 21 45 24 25 41 37 30 5 42 7 25 48 5 1 28 47 18 35 17 24 39 24 19 41 39 50 4 37 12 32 47 46 27 9 48 43 12 43 23 11 2 35 1 24 10 1 28 24 11 41 30 21 50 8 
46 32 41 45 42 7 12 35 7 24 11 38 15 34 22 16 46 40 5 29 4 35 48 12 49 36 2 39 34 24 43 10 14 15 22 37 1 40 16 38 23 8 21 38 50 45 10 37 25 13 16 12 30 13 5 44 42 36 4 5 2 8 1 49 25 25 28 3 39 14 36 42 41 45 37 25 46 5 20 26 32 40 39 10 24 18 2 7 39 12 
3 49 1 31 49 40 16 39 4 41 40 4 19 45 45 16 11 11 1 5 31 50 27 14 30 15 26 42 7 28 24 24 49 41 8 31 38 30 31 35 47 48 34 5 46 10 45 32 33 10 28 15 18 49 9 48 15 41 49 48 8 16 10 1 42 50 30 37 3 43 32 15 40 4 11 3 9 27 22 32 32 23 20 33 14 4 20 45 28 13 
6 40 17 50 33 26 13 2 19 8 18 10 23 18 3 27 7 11 31 35 16 12 49 7 2 28 48 22 8 4 48 43 46 1 44 23 5 25 23 36 8 32 5 37 44 40 20 4 49 43 22 43 7 28 27 18 15 7 4 12 38 20 45 24 24 40 9 44 36 28 41 4 30 12 13 23 33 49 23 33 4 9 23 26 27 25 7 15 19 22 
39 41 39 16 5 29 24 3 48 5 12 4 21 44 8 11 21 20 16 9 18 9 48 44 24 11 28 29 26 17 1 11 33 4 17 9 19 14 45 12 39 11 1 9 5 17 39 35 38 25 2 48 22 45 37 7 49 19 49 20 45 16 8 20 41 2 11 30 39 46 2 6 6 15 2 8 25 1 45 18 27 30 17 18 12 37 40 25 34 35 
38 37 21 29 46 15 26 16 35 14 39 14 3 10 27 24 27 10 44 9 5 49 48 6 31 27 13 5 41 38 44 11 21 22 41 14 34 32 4 43 35 35 24 12 17 4 6 48 26 30 47 22 22 1 48 23 41 44 49 29 35 4 20 26 28 35 33 37 6 42 7 37 50 27 16 38 40 25 27 41 7 6 39 18 13 4 30 26 38 32 
12 33 1 15 21 42 5 10 27 30 29 30 23 44 46 3 39 30 39 26 11 8 24 8 32 46 21 19 36 46 14 8 2 19 19 25 3 10 1 35 50 7 43 24 36 17 22 39 14 28 32 49 35 29 30 42 26 27 36 1 31 46 32 13 50 37 22 4 18 15 34 12 2 44 27 48 3 2 11 21 3 37 35 20 27 40 47 32 11 7 
3 20 10 35 24 40 1 10 26 17 29 38 16 13 14 37 48 30 39 3 14 6 36 48 21 10 40 13 31 31 39 46 41 18 31 34 48 45 20 43 41 16 30 49 35 47 12 30 26 44 21 2 10 4 24 15 16 44 46 22 36 35 9 34 31 26 35 30 17 22 19 48 1 48 41 5 27 27 40 37 20 12 11 16 43 45 41 49 5 12 
48 4 50 25 11 23 28 11 39 32 3 20 10 32 26 38 38 7 8 4 32 22 5 21 6 23 8 48 5 7 30 3 45 27 28 25 43 10 8 39 27 45 4 22 27 24 13 16 31 34 2 39 38 17 16 14 33 49 7 22 47 47 40 40 20 35 18 31 40 4 46 19 44 29 42 2 19 48 44 3 24 47 20 7 37 10 46 3 42 33 
34 35 33 46 24 13 12 39 10 6 8 37 15 2 1 47 15 10 6 39 32 27 49 29 48 34 40 25 17 22 42 34 9 19 19 8 14 30 11 24 44 47 2 8 20 26 32 5 29 31 24 13 4 48 12 23 14 13 1 1 26 4 22 9 19 43 39 1 21 36 15 34 40 24 28 24 14 15 8 48 48 19 26 20 15 10 7 30 41 40 
10 22 41 8 25 17 20 4 18 41 24 48 31 24 21 23 2 19 38 6 12 30 15 8 14 2 50 15 16 45 19 13 29 21 28 11 11 21 45 30 30 33 50 2 38 30 32 27 35 32 31 42 6 32 40 39 30 47 15 7 17 43 44 19 36 46 33 11 16 42 11 25 37 23 18 29 21 6 35 6 19 39 49 3 17 30 1 27 34 34 
11 33 50 15 46 46 6 14 50 32 44 25 5 22 12 14 10 20 43 41 5 26 46 26 23 43 24 2 39 48 45 19 35 36 43 14 45 41 19 49 16 47 14 49 48 43 37 20 7 39 30 36 49 32 18 45 32 1 50 19 42 36 48 30 34 29 8 19 17 29 44 23 33 5 50 12 40 24 4 9 9 26 32 42 39 37 5 6 30 48 
7 36 13 30 34 45 25 40 40 38 50 31 49 48 42 22 6 41 50 4 20 19 20 36 18 50 44 1 28 23 18 35 4 30 17 36 3 23 10 49 43 22 25 46 48 40 12 22 31 32 20 28 37 19 10 20 24 11 47 10 46 30 34 28 2 18 32 47 41 26 38 30 37 11 12 45 4 39 20 8 50 46 14 8 17 35 47 4 8 38 
12 34 25 3 28 17 37 23 24 21 16 40 24 48 25 44 9 50 43 35 8 13 12 27 47 2 33 32 50 46 44 12 13 46 3 12 20 33 28 48 48 8 5 37 27 10 10 7 38 49 9 8 1 40 41 22 41 47 1 14 25 45 16 46 37 27 34 13 26 49 21 5 18 11 21 39 8 23 46 39 29 32 22 32 3 41 36 16 21 23 
43 3 7 38 26 13 37 13 46 34 19 45 47 24 30 27 39 23 15 43 26 17 37 23 5 33 30 18 10 44 34 2 48 24 45 35 24 40 11 38 50 43 25 10 36 40 32 4 19 19 17 36 49 24 12 38 40 47 10 20 11 5 12 35 40 31 40 43 27 49 38 25 30 12 41 41 42 14 42 26 19 10 7 50 48 31 14 11 43 23 
44 20 6 18 7 47 19 23 21 39 38 31 28 11 46 17 26 37 1 9 42 34 9 27 10 19 14 1 3 25 35 44 26 26 48 4 6 22 36 43 36 27 10 6 37 34 43 31 41 9 28 7 4 2 33 26 7 47 7 21 43 6 20 30 4 30 34 4 1 36 5 31 16 42 34 15 38 36 31 44 43 4 38 5 9 8 16 38 2 21 
5 8 45 6 8 8 25 40 8 11 50 24 50 12 22 30 30 12 29 41 29 37 30 5 2 24 13 15 6 36 34 40 31 41 23 16 49 24 28 38 10 8 21 28 29 19 42 43 42 22 14 2 31 48 7 11 24 39 18 38 37 6 9 44 33 9 46 12 10 16 29 40 13 50 18 41 50 26 43 1 32 3 43 10 21 2 19 32 18 28 
17 29 10 34 25 7 35 33 39 28 20 28 40 27 11 24 29 36 14 3 13 8 20 33 26 31 19 9 37 50 41 30 3 44 48 2 32 10 35 27 33 20 48 35 40 16 48 31 35 32 48 12 47 14 28 35 40 3 31 37 50 17 25 27 10 22 15 12 28 38 34 7 34 50 46 15 23 7 24 3 6 44 14 23 1 44 10 48 32 7 
24 20 6 14 38 42 7 13 22 38 34 24 5 2 7 4 46 27 17 38 19 11 24 31 12 33 23 47 9 15 40 14 9 24 10 34 16 2 32 1 38 26 20 40 49 14 4 3 2 29 1 35 7 23 11 20 2 41 36 17 35 31 33 32 34 29 31 40 25 29 24 33 24 45 41 8 42 12 5 25 33 15 5 44 30 34 49 26 36 43 
32 10 6 3 5 39 10 21 2 41 29 23 43 42 6 28 36 41 3 9 38 32 34 39 20 3 15 28 25 8 35 12 40 6 31 12 39 35 34 2 30 42 48 5 48 28 42 15 39 6 21 41 36 4 22 8 26 33 45 16 29 10 37 11 16 49 15 12 33 37 33 12 18 24 34 23 50 29 34 23 3 31 2 43 41 26 43 48 40 45 
47 21 45 31 8 48 23 1 23 45 44 42 29 22 27 28 3 27 33 8 1 46 16 26 11 31 26 45 25 2 21 33 4 8 23 19 43 48 44 7 39 28 29 6 4 27 47 24 7 26 45 16 17 13 1 38 49 12 49 5 50 16 3 9 30 36 37 42 46 19 17 28 30 37 22 27 6 25 28 5 46 28 11 33 36 18 18 30 12 29 
20 27 8 28 39 14 19 4 11 13 8 49 1 44 49 1 7 34 40 31 18 46 36 44 14 41 25 34 15 48 1 9 20 9 16 49 6 23 5 5 2 49 41 37 45 19 12 32 19 47 39 36 24 29 30 16 40 45 22 17 17 49 5 7 6 9 31 23 41 25 48 30 42 2 35 5 8 30 32 27 42 4 10 10 28 10 21 41 2 15 
23 29 30 40 18 3 38 16 30 1 27 46 25 44 23 4 3 36 21 14 2 22 34 12 23 26 15 36 45 49 34 49 22 22 12 43 13 39 39 44 25 5 13 48 19 38 11 28 11 14 44 38 35 16 9 8 31 42 24 50 9 1 43 12 48 2 2 1 35 20 18 12 46 18 32 20 28 11 48 2 35 31 46 14 35 50 35 6 49 14 
50 5 11 4 45 12 42 13 49 50 32 46 39 5 9 26 50 1 43 1 25 40 11 23 35 8 42 3 40 34 47 2 44 13 22 5 7 29 41 29 21 28 33 49 41 19 9 35 28 31 2 9 2 39 9 14 39 41 47 38 49 25 19 6 33 16 13 25 18 41 1 36 4 11 7 42 2 28 45 11 45 8 50 41 45 36 2 11 44 20 
40 32 2 50 43 6 21 7 5 41 40 6 11 18 24 15 4 43 25 46 10 40 41 45 28 8 8 29 11 6 4 27 29 30 25 33 41 26 21 1 14 12 41 42 20 29 28 2 43 13 2 10 24 36 37 45 21 10 37 10 25 50 40 33 20 7 28 24 14 2 12 18 43 47 48 8 38 12 23 31 27 42 43 50 37 45 1 41 34 46 
15 6 39 13 34 6 2 40 43 14 29 26 24 24 7 1 29 24 9 15 15 29 7 32 43 31 5 9 41 25 21 23 34 39 24 27 25 26 18 40 9 31 44 32 20 22 24 45 20 18 6 13 40 36 14 20 24 50 5 22 30 19 6 12 1 3 29 7 6 15 49 10 38 1 12 36 18 39 11 34 1 40 35 2 9 40 6 14 42 30 
15 3 11 18 38 21 19 37 43 17 10 23 39 32 14 35 48 44 42 49 31 18 16 1 38 15 14 32 19 18 33 22 33 1 14 23 8 18 21 28 34 8 8 10 17 49 49 17 11 11 13 15 47 48 39 50 33 6 43 41 30 7 31 37 18 20 42 14 41 44 7 18 44 39 28 3 32 39 5 39 39 35 34 50 39 10 28 11 4 8 
14 50 50 10 4 37 50 33 20 1 36 18 38 27 6 38 11 7 18 5 20 17 24 47 1 10 11 29 30 5 44 18 44 33 42 19 32 38 41 4 19 14 5 49 48 34 34 46 30 47 28 31 18 29 30 35 12 43 24 29 39 42 31 24 17 32 1 26 42 21 46 10 34 17 1 48 46 25 16 36 21 11 3 32 6 7 36 4 7 24 
12 27 19 34 13 2 24 4 45 40 40 35 19 19 40 26 37 11 41 7 35 12 21 27 48 41 16 10 34 28 3 6 35 24 11 2 29 26 46 42 6 45 40 28 46 6 1 38 7 28 19 24 11 22 30 29 49 37 16 16 18 50 41 47 41 35 8 37 40 2 18 40 7 35 9 20 46 45 28 24 31 30 19 42 48 48 45 26 8 40 
45 23 45 11 25 50 35 15 26 41 32 22 24 21 24 23 46 29 3 22 47 14 16 13 22 6 49 48 26 40 1 22 43 32 11 11 33 36 16 23 40 8 4 46 1 47 43 3 17 22 37 31 44 18 4 40 16 37 12 7 23 7 7 14 8 41 48 34 6 33 41 38 34 5 3 34 39 19 30 24 1 48 32 46 35 42 47 27 27 19 
33 40 39 13 32 7 18 4 15 36 22 39 30 49 29 8 2 32 4 30 22 38 24 5 15 13 28 50 43 1 46 20 17 29 38 5 16 15 49 23 38 39 43 5 42 11 25 29 39 39 17 31 24 28 47 31 32 30 22 20 14 48 44 3 32 15 19 13 16 46 31 50 31 13 48 46 34 19 13 3 32 23 49 41 21 8 14 35 41 41 
15 23 16 35 47 30 4 19 26 11 21 7 46 45 5 28 39 10 14 48 10 21 9 1 18 10 45 29 34 9 45 22 33 44 3 7 22 38 34 1 4 2 15 29 3 36 30 31 29 42 43 13 10 15 15 35 43 40 11 48 30 9 30 26 18 27 29 31 15 31 6 30 46 9 1 49 22 15 24 21 50 43 12 41 7 35 36 50 31 13 
10 20 38 40 6 21 39 24 44 46 1 15 28 26 22 3 12 11 31 16 31 4 17 27 1 26 42 39 50 22 45 10 26 16 40 43 4 40 16 2 28 17 40 25 6 47 7 25 41 16 22 21 8 49 33 28 15 19 4 24 50 41 48 45 42 11 16 50 26 29 20 14 37 49 37 45 5 24 44 34 37 50 35 20 29 14 6 47 11 24 
23 11 18 38 15 45 31 4 40 25 32 39 16 27 18 41 13 34 25 45 36 23 40 2 37 46 40 42 25 5 36 35 16 34 4 39 32 41 45 50 33 43 9 30 3 5 27 20 32 49 2 41 2 47 29 12 30 31 4 7 24 38 28 3 6 13 2 35 32 45 21 22 3 33 11 31 1 16 50 3 32 34 41 24 6 10 50 19 12 25 
37 40 19 38 1 10 21 47 1 24 12 11 2 5 48 25 26 31 11 25 48 39 26 15 28 8 13 35 16 30 5 45 31 11 40 38 11 24 46 49 18 18 1 20 5 38 7 9 26 38 35 27 10 30 37 22 47 13 17 36 42 28 44 30 13 18 13 13 19 4 9 33 32 39 36 25 26 19 18 38 44 43 21 4 50 28 15 50 41 39 
36 6 24 28 49 22 3 13 1 48 45 43 21 39 19 8 47 16 33 35 6 4 14 27 28 34 31 26 41 20 10 40 44 28 39 7 19 15 13 10 6 29 1 10 13 31 26 23 27 18 36 14 50 1 22 16 35 12 2 12 4 2 38 21 9 50 24 16 27 24 22 43 13 18 12 22 14 20 42 13 9 48 6 15 34 22 41 50 2 21 
10 13 34 12 48 18 12 19 6 2 23 21 6 10 39 26 3 22 6 13 21 38 22 40 25 16 46 24 31 42 16 36 26 14 14 2 10 26 37 44 7 36 27 36 49 39 45 38 35 39 18 44 41 34 43 42 27 48 43 47 43 3 18 9 42 15 1 35 8 29 47 3 50 43 14 40 50 28 48 36 5 49 10 5 31 17 8 7 17 38 
9 33 15 1 41 44 26 6 1 4 15 48 3 46 20 24 44 32 13 39 36 5 39 17 48 33 3 6 48 46 36 41 5 14 33 36 30 40 13 28 44 29 27 45 36 36 31 49 13 4 40 11 36 4 3 1 44 13 41 27 16 19 11 30 30 43 29 10 2 48 48 17 32 5 4 27 25 23 14 41 21 22 42 30 35 26 10 16 6 41 
15 21 47 1 39 16 45 45 9 48 47 30 8 23 21 14 28 26 8 26 46 12 38 25 17 27 11 4 43 36 25 27 13 39 50 27 10 40 17 14 40 28 32 30 34 9 46 10 11 11 2 28 43 7 4 45 43 22 17 13 23 34 21 25 50 47 38 21 16 1 40 18 44 3 28 12 34 36 1 4 11 30 8 3 22 8 26 47 34 6 
15 32 41 16 49 24 40 11 49 33 42 34 47 10 34 33 48 40 11 14 40 22 12 3 41 36 48 6 2 33 12 9 10 24 43 13 50 35 7 31 44 42 17 34 24 7 16 17 1 36 46 4 23 15 19 20 13 29 5 30 42 19 44 6 50 3 10 31 49 28 34 33 40 39 10 34 25 11 34 15 31 39 11 26 18 41 43 1 23 11 
34 41 22 32 41 26 30 11 21 35 34 23 27 41 39 32 8 34 44 38 17 45 39 24 45 25 24 6 9 10 27 9 42 27 30 23 31 25 29 18 34 34 6 22 7 45 31 1 45 15 19 10 41 7 4 27 45 28 39 19 25 31 17 9 12 22 49 50 38 29 31 1 12 47 31 48 8 35 35 5 40 15 13 4 18 35 1 42 37 28 
35 5 45 50 13 1 46 25 35 23 30 36 25 37 20 27 39 48 22 1 31 29 20 7 32 1 26 15 45 11 45 5 46 38 9 43 13 20 19 43 14 41 29 34 28 27 6 15 30 8 38 50 20 12 11 5 36 39 48 49 44 40 2 2 16 32 29 31 32 25 38 28 46 12 40 35 47 22 13 36 37 13 18 5 25 50 41 36 19 38 
46 27 25 3 6 28 44 46 34 27 10 12 33 40 47 31 44 21 7 8 20 47 30 21 42 20 21 29 17 14 26 15 28 39 24 41 21 32 40 48 38 11 40 40 9 18 28 40 4 50 20 25 15 19 24 18 24 8 13 32 31 43 35 12 9 9 49 23 11 14 46 2 43 40 23 22 4 3 5 35 38 42 29 25 49 14 23 37 42 50 
25 26 33 38 13 33 37 47 42 11 30 14 4 1 24 40 42 22 25 32 46 33 6 6 27 11 21 5 9 22 5 20 12 34 43 36 15 30 14 49 29 7 47 31 34 34 5 37 5 36 5 47 23 50 14 3 13 28 37 36 31 44 24 27 11 22 1 2 38 7 21 48 21 22 20 20 26 47 17 6 29 25 3 43 30 1 25 9 20 37 
14 36 39 11 17 31 24 36 19 3 17 16 44 16 42 47 3 22 23 26 24 27 21 20 40 8 8 41 8 1 21 18 1 47 48 43 24 36 48 37 29 38 32 21 15 22 17 45 9 26 39 34 8 43 2 31 12 47 4 34 10 47 33 29 34 32 17 29 11 40 15 39 27 32 12 12 31 37 29 28 11 46 48 32 24 34 45 50 17 38 
8 26 45 24 10 47 28 45 15 46 20 17 1 19 44 3 39 35 46 41 36 36 29 6 16 34 32 46 39 34 18 30 43 21 1 40 21 37 40 12 31 22 20 11 41 2 6 47 3 10 16 33 27 26 18 21 11 44 32 21 16 32 25 22 34 30 48 22 45 24 23 34 13 15 45 8 2 18 31 23 14 27 29 50 9 13 7 40 38 4 
12 3 25 13 48 31 25 37 33 20 2 2 3 17 40 4 43 26 18 14 16 10 47 29 4 16 45 33 7 42 29 43 2 30 49 11 37 48 13 31 14 24 19 23 34 1 2 37 3 17 37 50 10 5 26 20 36 27 34 8 40 33 34 3 31 48 19 46 25 26 5 23 37 50 11 28 48 20 43 15 47 7 23 23 13 24 47 14 42 1 
27 27 37 4 19 17 6 28 28 2 17 6 29 8 49 32 3 32 22 24 39 42 4 40 37 23 36 42 30 46 16 4 35 21 3 39 34 16 42 50 48 13 44 27 3 13 8 32 24 15 26 24 32 12 34 4 36 19 22 4 43 43 37 24 34 21 48 34 16 15 45 23 34 37 42 26 42 7 22 22 35 37 10 42 47 48 9 18 38 2 
18 1 45 49 6 41 15 1 35 8 31 3 17 45 39 21 46 28 45 32 41 14 35 21 21 42 24 5 16 44 9 42 34 25 31 2 29 41 3 9 11 43 31 19 6 36 12 9 33 2 22 8 30 15 40 26 34 23 3 5 38 21 10 44 33 8 5 26 8 16 3 20 32 45 14 49 33 15 6 36 11 38 20 40 27 49 3 14 46 22 
10 30 4 28 35 44 14 9 38 18 22 15 50 39 25 41 48 33 3 46 32 9 5 13 27 19 14 35 1 18 8 6 39 15 47 33 25 37 23 7 49 5 24 40 32 32 9 18 44 32 49 30 48 48 50 49 13 19 50 39 11 5 38 1 7 50 8 15 11 17 15 35 6 49 32 24 36 37 38 11 50 27 15 26 21 37 22 7 17 24 
7 21 4 37 7 14 40 9 44 11 15 22 37 22 10 8 30 13 45 20 13 3 22 50 13 2 8 3 38 49 27 30 10 30 32 30 18 7 18 3 7 7 6 30 12 18 47 5 4 50 16 1 5 37 48 1 35 22 8 3 25 16 21 44 31 16 30 7 5 2 41 23 5 43 25 49 50 39 30 7 12 15 16 34 9 14 36 18 12 10 
50 17 23 9 37 31 12 10 11 3 16 34 19 37 21 37 9 33 45 40 46 10 18 2 27 50 3 14 36 12 48 14 30 32 5 47 49 9 4 25 26 10 32 47 31 23 17 39 39 24 26 50 10 14 22 33 24 6 28 14 50 14 7 26 47 19 32 15 48 14 50 43 12 31 3 27 1 26 2 35 30 22 20 48 48 39 41 17 4 46 
49 6 31 42 4 16 44 34 11 34 3 1 18 8 23 11 39 31 39 44 12 1 4 37 22 48 17 8 49 30 48 20 16 31 39 10 11 12 26 37 8 47 16 39 16 40 22 38 44 20 19 31 35 47 8 14 35 17 35 18 13 25 41 18 4 17 10 25 14 10 10 27 3 5 14 50 38 7 30 26 26 1 7 29 32 5 39 43 19 3 
50 47 37 8 13 48 12 47 35 30 44 23 32 31 42 23 29 46 24 13 24 2 47 5 17 36 3 24 48 41 1 13 32 27 9 20 43 4 4 29 35 25 49 30 41 35 16 42 14 49 34 4 35 31 37 24 41 20 42 35 32 11 46 35 25 25 35 39 22 49 25 27 2 18 39 25 2 42 35 5 9 22 36 28 22 3 4 3 46 49 
11 8 5 41 46 48 12 22 13 38 7 8 40 12 47 41 19 17 44 43 15 45 23 24 9 25 13 5 14 22 30 1 28 42 16 24 6 7 13 8 50 43 15 23 31 32 1 19 19 38 50 4 5 27 23 29 7 24 45 44 11 30 19 46 34 9 38 40 15 3 38 27 3 26 47 10 27 15 28 11 37 18 50 11 18 9 15 23 9 35 
7 12 9 6 10 16 24 1 6 7 3 33 1 27 6 19 25 38 31 40 39 9 29 10 17 11 11 10 43 6 45 49 43 15 22 22 7 9 6 7 23 15 35 10 26 21 47 29 2 50 41 10 18 43 28 32 42 13 15 50 46 21 29 6 11 24 16 39 6 42 34 49 32 14 46 35 6 12 24 40 25 17 18 25 10 18 44 43 36 19 
10 26 44 11 24 11 22 46 7 17 11 43 46 4 31 34 2 9 15 2 11 31 33 19 27 15 1 42 17 21 46 16 48 26 11 24 48 36 26 19 16 38 24 40 44 24 15 10 14 35 13 31 21 43 47 28 12 39 19 31 18 48 1 27 40 39 45 3 21 21 6 37 31 43 37 24 27 7 19 17 21 43 20 9 32 34 11 5 6 5 
41 13 15 44 29 44 24 32 14 46 49 49 17 35 26 5 18 35 15 9 26 44 29 32 12 3 5 15 10 1 50 33 1 26 16 33 1 1 48 34 12 17 6 26 43 46 32 41 40 15 18 48 31 41 15 48 4 48 6 5 37 20 47 8 7 26 34 33 32 47 34 38 20 3 45 35 45 45 18 22 9 48 13 12 20 8 40 18 4 40 
41 8 9 46 2 24 15 13 45 42 33 45 13 49 42 8 5 40 19 42 21 21 31 24 40 2 10 27 33 24 31 5 31 40 7 20 23 2 21 27 35 49 43 25 42 20 50 49 9 27 3 27 47 3 26 17 36 32 38 27 24 39 28 6 38 47 26 39 38 8 43 40 15 20 44 29 36 14 40 49 8 34 8 3 47 15 40 48 21 15 
31 17 48 45 42 36 14 37 48 2 40 25 13 32 35 42 33 26 25 16 2 7 37 13 13 23 44 2 44 29 15 3 14 6 2 23 30 27 27 11 32 19 46 23 50 5 23 19 21 1 44 13 11 20 7 47 18 20 14 43 44 12 29 12 39 40 32 5 38 3 3 32 15 48 17 49 48 28 17 31 21 50 40 32 25 19 47 42 47 36 
18 47 8 32 18 3 37 31 7 24 17 17 23 26 33 2 2 48 19 43 14 45 24 44 3 49 36 17 49 9 38 49 15 12 20 21 15 2 47 11 25 7 45 3 14 47 7 8 3 23 45 24 21 37 41 12 30 31 10 13 13 2 37 47 30 23 48 41 23 14 48 50 23 23 6 25 44 25 1 42 8 15 34 8 29 32 26 40 48 32 
21 4 22 19 32 49 39 44 37 43 1 46 5 22 47 29 3 8 29 1 36 8 24 11 41 34 28 33 14 29 31 7 49 23 2 17 38 10 10 36 15 14 46 50 25 42 39 2 46 33 27 9 28 34 16 46 32 44 42 20 36 21 22 20 50 24 39 44 15 9 26 47 28 30 14 44 24 25 31 45 20 38 4 31 1 12 21 17 29 2 
