100 100
23 34 13 42 29 16 17 30 40 24 48 50 9 6 47 13 2 37 43 43 20 17 27 5 1 26 5 24 44 18 36 6 17 40 36 44 19 17 19 47 45 45 33 12 23 10 48 21 41 13 47 25 21 8 15 43 44 13 5 27 29 35 39 5 36 35 35 2 42 48 50 34 37 3 16 27 3 47 16 14 27 50 12 20 13 25 13 12 34 13 31 1 42 22 6 48 50 43 25 39 
39 25 43 50 48 6 22 42 1 31 13 34 12 13 25 13 20 12 50 27 14 16 47 3 27 16 3 37 34 50 48 42 2 35 35 36 5 39 35 29 27 5 13 44 43 15 8 21 25 47 13 41 21 48 10 23 12 33 45 45 47 19 17 19 44 36 40 17 6 36 18 44 24 5 26 1 5 27 17 20 43 43 37 2 13 47 6 9 50 48 24 40 30 17 16 29 42 13 34 23 
44 47 9 8 36 44 30 38 38 42 43 20 14 8 38 6 49 26 12 46 9 26 43 9 13 35 39 42 12 43 21 4 48 27 48 21 30 35 9 9 9 14 21 7 22 4 21 47 44 40 35 45 17 25 31 2 17 41 24 22 28 49 42 50 23 20 25 37 23 1 38 11 13 33 50 9 11 32 26 42 22 6 17 1 39 4 22 8 43 1 27 44 35 32 38 27 24 7 40 5 
20 26 2 19 14 44 5 42 3 17 4 11 26 15 37 33 23 3 20 49 23 28 37 2 33 4 46 37 6 38 7 23 5 19 31 43 20 1 40 27 41 29 1 1 31 50 1 28 29 45 44 38 36 35 38 45 16 19 3 22 21 34 17 1 8 36 22 27 5 35 43 16 2 20 41 19 29 19 32 42 6 22 43 34 17 36 2 29 41 13 3 36 21 27 40 12 12 24 38 20 
46 18 30 7 12 34 48 49 17 48 4 47 44 45 25 38 12 21 27 46 18 28 6 19 13 42 20 43 37 29 38 15 47 17 33 21 40 43 13 41 8 12 27 3 21 23 13 26 14 11 11 14 41 18 33 4 8 3 39 32 1 16 27 15 50 39 42 28 7 35 19 46 46 23 39 9 35 10 37 22 2 35 37 25 8 31 40 27 17 39 3 9 21 3 50 24 12 29 26 8 
20 44 42 39 28 3 37 42 19 6 31 35 19 12 15 5 11 37 36 1 9 5 29 25 1 6 8 2 30 46 25 33 37 34 2 24 49 29 35 24 37 45 23 10 47 14 41 2 25 30 12 19 10 24 5 24 15 13 45 44 32 31 43 43 26 15 15 26 10 3 29 25 39 49 3 36 17 28 43 4 15 14 12 7 43 23 7 5 34 46 36 39 5 41 41 6 35 21 34 22 
23 28 17 30 14 30 34 9 20 26 1 15 43 23 47 8 33 41 33 3 30 23 20 37 6 45 28 3 41 21 10 16 36 48 17 20 14 32 26 17 14 26 23 49 1 28 17 19 8 3 3 19 27 40 6 10 50 26 20 48 50 27 3 22 31 9 32 45 44 47 20 13 8 27 20 18 17 17 14 2 35 35 8 34 6 11 12 5 28 35 38 15 14 2 25 31 21 42 29 17 
48 15 37 30 13 33 42 19 23 21 1 9 25 14 6 7 17 46 21 43 6 15 6 47 4 12 13 18 48 31 42 3 14 27 16 12 9 2 23 34 24 10 9 17 34 12 29 50 18 44 39 34 13 40 32 8 18 22 45 3 30 42 24 15 48 40 22 3 33 15 38 45 26 37 48 40 39 18 11 15 28 15 8 11 47 31 45 28 10 42 29 27 24 34 32 37 50 40 35 8 
36 47 2 17 29 40 11 45 5 40 36 22 31 4 16 35 11 20 23 46 33 3 46 9 43 32 40 14 27 48 40 30 50 43 39 25 26 16 33 43 16 13 20 23 15 25 18 28 50 8 15 29 7 10 12 31 50 43 27 41 35 35 28 13 36 42 8 31 5 36 37 42 19 23 2 18 10 35 14 20 44 13 2 50 18 1 32 7 40 30 39 24 3 43 50 48 43 26 27 21 
24 18 34 15 21 29 2 15 2 32 19 36 50 8 22 4 11 36 36 18 17 13 25 25 7 49 37 32 30 43 20 5 26 34 21 32 32 21 28 23 6 7 49 17 5 10 9 45 40 5 11 43 38 43 12 41 27 35 25 45 17 18 46 44 23 36 26 18 3 50 24 4 9 31 6 15 34 44 12 5 11 8 2 44 31 6 41 6 8 11 29 31 47 41 19 19 1 20 48 12 
19 17 48 14 11 26 21 15 21 31 29 22 10 47 9 9 49 43 24 29 22 35 42 37 21 28 3 26 5 34 50 2 40 25 45 23 12 40 40 4 13 22 50 12 2 6 25 47 13 1 6 30 47 41 43 12 41 28 36 33 9 8 1 28 37 43 5 6 40 31 28 2 15 28 47 2 37 26 34 27 47 46 23 17 23 15 25 26 38 41 44 39 25 13 2 35 43 24 16 10 
47 33 21 25 49 44 50 50 7 26 30 36 39 11 49 41 37 23 38 36 1 30 35 11 46 10 27 14 23 37 40 15 28 20 28 2 12 45 17 22 41 36 45 28 5 20 16 2 37 39 9 15 38 5 27 25 14 47 11 41 35 23 45 42 50 44 48 34 47 20 19 25 37 29 13 33 13 15 14 43 27 31 9 37 44 48 45 19 31 1 11 39 46 37 23 15 43 29 27 17 
10 34 36 28 26 18 47 16 32 33 12 31 22 37 5 38 42 38 27 7 50 38 8 9 33 31 27 42 17 35 30 28 8 1 28 39 30 31 5 38 25 39 14 20 12 15 18 13 50 7 29 18 47 41 9 15 16 12 29 24 30 37 16 2 20 36 39 38 27 25 44 28 25 40 16 30 15 14 1 43 45 25 41 35 34 26 39 5 40 2 31 22 36 12 10 9 48 11 33 41 
39 26 11 42 50 19 30 33 46 24 35 14 26 43 18 46 49 34 46 24 16 28 50 50 29 4 39 29 7 39 5 49 4 30 5 4 49 49 44 44 29 6 38 14 9 8 2 21 35 11 39 15 6 38 7 34 28 28 6 21 26 10 3 5 7 19 3 13 45 19 35 20 20 48 41 22 23 14 21 33 46 21 35 10 49 15 34 41 40 18 47 34 7 23 21 37 20 18 35 39 
7 44 41 11 20 3 41 15 5 13 25 16 46 48 38 21 2 27 50 29 35 18 7 38 35 46 25 24 8 3 32 43 13 1 22 19 3 25 46 40 19 48 40 2 30 10 44 15 25 5 31 12 43 49 47 13 49 38 19 36 45 37 21 26 43 17 36 20 47 35 19 37 38 5 35 12 46 37 6 21 3 15 25 41 46 31 40 28 8 45 17 5 15 28 45 4 21 21 1 31 
49 10 11 18 11 4 33 19 28 49 34 2 39 10 45 15 9 27 33 32 33 46 2 8 19 5 29 22 35 19 19 47 19 28 29 20 19 38 38 5 37 48 19 36 28 25 11 6 10 47 46 20 32 42 40 41 17 8 21 24 42 38 47 20 5 41 4 8 29 41 19 12 11 20 12 21 44 3 20 42 45 15 48 14 41 44 17 5 37 20 24 27 23 14 21 9 33 3 43 33 
47 48 38 13 30 31 49 45 10 5 7 30 35 9 16 30 27 35 50 28 47 45 15 9 4 22 27 22 45 6 35 13 49 35 14 47 25 3 37 4 41 12 7 26 16 9 9 9 35 47 12 4 20 15 45 23 38 14 26 21 41 8 32 10 20 25 13 16 8 25 4 26 7 15 39 42 28 45 42 14 44 6 33 8 36 28 21 2 3 41 29 41 15 21 35 25 27 40 14 30 
13 37 48 6 31 30 29 9 31 45 24 9 38 47 16 48 45 43 39 28 46 48 26 8 14 50 17 3 41 19 22 48 33 26 28 12 44 6 42 20 18 10 31 15 12 40 23 23 14 38 34 36 20 40 6 49 25 22 35 38 45 31 2 46 28 6 49 15 32 27 26 27 28 24 4 11 11 45 32 14 27 30 25 2 46 22 45 48 35 45 32 4 49 49 3 18 34 36 17 10 
50 30 7 28 22 26 32 42 5 19 18 19 32 1 43 50 19 13 27 9 23 24 46 24 21 26 1 35 36 26 9 37 5 39 31 48 38 38 6 29 17 4 45 26 28 14 49 37 49 30 29 21 38 28 38 21 2 25 45 20 45 7 14 28 27 43 21 15 41 19 17 47 24 25 30 39 1 31 23 28 42 2 1 37 27 25 27 11 20 15 13 23 42 12 21 20 45 12 5 32 
4 19 9 47 7 2 32 29 11 16 14 36 5 12 48 7 25 32 16 17 35 45 23 30 16 7 37 22 14 45 46 33 49 15 41 20 42 50 13 43 25 5 42 45 13 39 9 15 1 7 44 34 47 6 47 9 26 38 29 12 36 6 37 50 6 46 48 10 18 11 1 3 33 42 19 15 37 6 2 20 35 12 7 14 21 30 45 47 19 35 41 45 28 50 33 2 22 16 3 37 
48 38 41 23 27 35 31 20 28 29 43 18 25 7 46 45 34 34 36 21 44 22 16 16 7 20 49 8 8 16 49 41 40 20 19 4 15 40 18 32 16 41 1 34 24 6 32 12 39 46 2 7 43 25 29 17 1 5 25 4 43 9 16 49 24 50 25 10 50 15 27 39 28 8 14 6 2 33 10 36 48 13 25 33 34 16 47 18 23 12 16 50 24 25 49 16 27 37 33 45 
14 28 22 40 11 39 50 30 24 38 5 13 28 27 45 6 21 32 47 10 44 38 6 31 12 24 47 43 17 42 49 48 5 14 4 47 9 8 23 21 36 37 47 20 18 39 28 46 44 22 35 20 11 12 3 5 18 18 3 3 44 46 27 18 18 20 36 1 25 50 1 8 38 46 23 18 24 5 21 33 50 48 10 34 20 1 12 48 26 21 28 1 34 13 14 45 9 6 43 29 
22 35 38 13 26 25 16 33 9 12 40 23 17 47 17 45 26 14 13 17 4 42 22 6 1 31 50 49 35 29 45 19 48 23 15 8 22 12 9 25 30 20 3 20 43 35 17 48 24 35 15 11 5 10 2 47 49 35 7 9 48 31 45 28 13 15 40 8 19 21 49 41 19 6 14 8 37 45 33 37 6 47 47 10 25 13 20 38 35 11 19 49 30 21 21 14 46 19 33 43 
20 22 30 48 45 21 15 4 23 49 18 20 35 44 7 18 15 32 10 22 8 5 20 20 39 3 29 9 41 45 30 5 27 7 49 12 39 34 44 24 50 6 36 48 5 19 19 46 23 12 12 38 10 26 9 35 27 46 27 1 41 12 19 45 50 17 14 43 41 50 40 48 8 4 40 14 15 44 12 44 49 39 28 12 26 30 32 5 25 48 2 4 48 5 43 22 47 50 37 2 
18 20 25 16 19 19 41 16 29 46 48 22 50 20 45 14 18 6 31 19 17 9 8 18 40 16 2 24 32 13 30 6 29 17 13 25 14 23 33 33 43 47 41 14 34 1 13 45 15 3 18 30 10 33 49 44 6 46 38 19 18 21 25 4 49 5 14 40 33 24 12 18 47 19 1 42 47 24 21 42 14 40 9 41 46 32 16 45 27 9 1 42 41 50 1 14 12 17 6 21 
28 22 33 15 38 39 32 18 41 19 24 48 41 25 45 41 23 30 26 28 47 24 33 19 6 47 42 6 16 41 50 11 35 15 38 26 41 21 4 48 44 45 42 25 45 6 16 37 44 3 25 3 17 2 38 48 5 31 45 5 15 18 38 40 34 39 8 10 9 45 27 12 13 2 38 13 39 4 13 39 37 25 9 32 48 4 13 50 32 10 19 8 46 19 6 32 48 20 34 38 
50 8 6 10 21 15 22 27 50 20 41 2 36 50 40 37 26 28 28 14 48 38 13 48 19 10 6 34 12 40 12 10 17 29 33 46 48 10 44 28 5 44 19 1 49 46 39 5 34 39 1 2 49 23 6 21 28 42 30 8 41 7 13 8 47 10 26 40 8 29 5 2 16 42 38 29 43 26 25 7 49 26 32 12 45 49 14 33 22 23 47 31 29 32 17 37 44 29 42 3 
3 45 46 27 17 17 30 18 34 12 24 10 34 28 39 39 26 43 24 45 4 21 5 2 22 15 42 50 6 23 44 49 39 44 39 2 7 6 28 46 26 9 40 42 8 23 23 17 50 30 21 34 41 37 8 35 26 35 17 45 24 38 48 2 9 25 19 46 5 44 24 49 46 23 18 25 15 23 26 25 12 28 5 50 2 28 44 32 21 16 47 49 48 44 7 37 33 6 31 33 
48 41 20 31 14 9 46 47 11 37 46 2 35 36 19 11 47 37 31 45 27 21 48 1 42 14 41 41 35 5 38 32 13 28 19 33 34 35 45 30 9 27 35 19 43 37 29 28 3 19 8 37 24 30 49 27 36 50 49 34 2 30 3 36 22 23 27 31 5 34 22 32 2 27 23 39 20 7 42 6 48 41 40 14 49 12 21 50 42 33 15 6 42 24 19 39 24 9 19 14 
39 41 1 20 17 19 21 21 24 49 24 43 9 12 21 12 28 14 29 42 5 31 42 1 25 45 50 19 25 38 32 36 34 36 37 13 13 21 43 40 1 15 47 14 41 41 7 47 43 44 8 17 7 23 33 22 20 44 15 11 10 33 41 35 29 45 15 17 22 14 9 45 18 39 38 22 16 29 26 41 35 40 7 25 22 17 16 8 22 8 37 18 48 42 17 36 6 2 44 42 
50 10 23 45 16 24 17 5 27 39 19 40 26 48 8 10 23 46 45 31 6 25 35 46 27 19 50 29 7 39 15 21 10 27 29 40 2 22 19 13 23 50 20 11 2 22 22 46 39 27 43 7 2 13 32 50 7 9 3 17 20 8 26 43 40 24 38 3 20 12 18 29 39 26 16 48 48 24 2 32 48 9 40 29 13 48 8 11 38 13 16 45 38 49 10 35 8 11 36 36 
33 6 42 14 27 38 33 27 46 18 35 47 35 15 45 25 23 32 18 37 48 12 3 43 37 50 23 31 12 19 11 13 50 18 22 46 24 40 19 1 40 5 44 25 1 10 47 21 7 1 40 24 38 25 2 17 27 19 45 37 41 26 17 45 23 16 36 48 5 8 37 32 29 24 37 8 48 11 27 27 5 13 12 3 41 50 47 31 31 27 45 44 18 25 2 37 18 14 47 23 
50 17 16 48 17 7 49 46 47 35 40 19 19 36 44 1 4 9 17 2 19 13 48 43 30 30 24 21 30 16 31 19 30 35 6 11 26 49 29 19 27 25 38 31 16 26 48 20 23 43 2 42 28 31 18 6 35 50 29 21 47 7 47 28 16 26 48 47 1 19 46 33 27 25 32 36 2 31 19 9 35 27 26 36 46 46 4 3 28 50 18 44 19 5 46 19 36 43 42 36 
42 1 3 23 50 20 10 36 9 47 17 21 17 46 21 49 29 14 39 37 14 15 39 26 40 13 24 7 31 43 27 28 41 24 1 20 4 46 4 9 3 13 15 38 32 2 23 44 15 21 50 23 49 8 36 15 14 17 24 50 6 39 17 42 14 20 45 46 3 42 48 15 39 33 28 24 44 22 43 48 32 7 38 29 46 26 50 34 42 41 7 50 2 22 49 19 16 13 47 15 
18 38 14 5 10 2 26 34 21 4 9 16 23 43 4 6 28 16 35 40 45 50 46 8 3 31 26 48 37 45 41 42 16 19 49 26 25 16 26 21 19 9 13 46 32 3 50 39 5 29 47 43 46 4 30 47 33 27 32 32 33 38 21 44 10 49 3 26 42 12 45 35 44 35 3 50 22 20 31 36 18 24 4 21 15 30 36 34 48 25 43 2 47 26 6 28 13 10 16 28 
30 16 24 28 37 45 13 7 3 4 18 36 28 19 42 1 6 11 27 25 35 34 2 2 47 41 26 10 15 21 38 44 22 14 20 41 15 36 44 46 3 3 22 47 29 48 29 7 31 15 45 14 22 38 1 35 23 7 22 50 41 28 49 16 12 12 46 3 50 45 46 49 33 39 30 17 26 16 9 35 29 4 1 30 15 48 12 13 40 44 43 3 40 43 42 29 40 8 27 21 
35 45 21 30 39 19 6 36 6 33 19 10 45 46 46 16 11 50 39 30 50 24 34 18 30 33 27 1 22 18 37 13 20 47 1 31 31 21 43 42 2 35 3 41 30 37 40 45 1 15 8 3 15 43 20 35 39 3 46 7 4 24 21 47 26 34 48 15 7 32 24 47 31 10 15 36 46 13 26 13 32 3 39 2 36 49 5 21 46 5 45 31 31 34 32 24 20 29 11 15 
40 40 8 6 35 11 33 9 21 34 10 32 48 27 6 18 47 24 2 32 23 33 14 15 29 10 20 49 17 33 25 9 36 47 14 30 40 36 25 15 49 38 18 35 22 28 4 31 4 29 9 44 34 18 48 2 7 2 30 13 20 21 44 31 13 11 12 13 17 31 4 26 5 31 35 43 3 49 43 45 5 44 48 43 9 32 9 29 11 6 38 6 47 10 39 48 10 7 41 23 
31 25 12 21 45 10 18 30 23 11 23 26 41 44 45 27 44 7 7 44 9 28 5 8 18 44 27 20 1 35 22 23 11 27 7 25 43 30 25 22 31 1 38 30 31 4 45 44 41 24 44 49 38 16 39 25 42 48 44 25 50 4 36 4 25 10 9 16 24 49 28 30 40 6 18 44 2 22 2 25 46 45 26 3 46 11 42 36 27 2 21 13 10 13 10 35 24 47 44 26 
14 46 47 5 47 19 50 1 30 9 34 39 27 17 27 2 37 49 39 22 31 13 43 50 33 20 29 44 47 5 29 5 41 17 15 47 16 21 38 6 45 30 11 15 30 36 32 13 43 43 28 50 8 43 22 8 7 33 25 25 30 19 34 40 20 45 45 37 29 49 26 3 31 35 9 33 45 34 29 50 31 18 7 13 45 7 36 9 1 4 19 27 44 34 6 39 21 2 21 8 
11 48 32 47 5 48 31 25 6 36 26 49 21 14 11 33 15 34 49 19 3 23 32 9 18 35 30 50 4 23 5 44 18 41 33 43 40 43 19 48 22 42 19 23 31 4 21 18 19 3 35 44 7 38 43 45 9 28 25 10 50 6 49 23 50 37 17 30 3 4 22 10 15 6 36 23 2 33 15 2 5 37 35 26 39 3 17 38 47 12 35 34 41 1 4 38 11 18 27 5 
40 23 39 38 49 21 40 41 34 43 47 40 14 27 31 31 46 40 48 20 21 17 41 25 49 4 47 6 22 3 22 41 49 14 49 21 15 48 41 11 1 10 38 49 21 8 29 4 46 15 49 38 13 30 45 26 30 47 34 3 26 40 8 21 18 42 43 19 18 4 27 32 48 48 26 42 36 19 35 3 29 3 7 45 42 13 37 29 2 4 15 4 12 50 39 38 21 38 47 39 
8 12 4 22 1 7 15 16 8 11 14 4 46 47 9 49 31 31 43 10 6 35 47 30 26 3 20 5 29 6 4 13 8 24 12 28 40 21 31 33 38 43 22 36 37 25 10 18 26 23 18 47 41 38 18 5 23 32 33 32 4 49 44 25 7 34 25 12 36 34 19 49 38 30 42 40 35 40 29 23 27 28 18 2 19 47 35 25 18 26 36 6 4 40 1 2 18 31 6 2 
9 19 19 38 13 18 49 50 22 23 40 9 46 50 40 22 8 44 25 37 26 42 23 47 28 17 41 33 40 23 37 15 37 33 26 17 36 11 10 6 30 36 44 42 49 27 40 29 50 6 6 22 39 21 18 15 40 21 26 43 7 18 40 45 2 22 15 11 25 48 22 31 33 46 16 31 34 44 28 16 8 25 35 46 15 42 17 33 39 50 25 35 39 29 42 31 31 49 5 27 
39 3 39 43 5 17 8 38 21 14 39 27 28 48 49 13 32 14 37 34 39 24 28 2 5 10 18 24 10 30 48 11 25 41 28 42 43 43 21 14 28 20 36 46 2 15 45 32 26 32 18 48 16 1 9 3 14 48 38 42 17 36 11 19 3 17 19 17 19 20 19 48 41 1 17 48 31 43 16 42 13 33 2 21 7 47 42 49 33 12 31 39 11 11 4 10 46 7 44 27 
4 18 27 14 28 37 33 5 41 14 7 44 25 6 34 44 14 34 34 10 21 21 15 27 44 6 31 17 21 48 47 18 40 49 11 42 17 38 47 38 6 25 30 50 19 8 15 33 29 22 7 1 48 19 34 49 34 17 30 37 17 48 41 4 39 25 5 11 34 33 45 44 16 21 10 36 45 45 9 34 8 13 28 45 21 12 15 36 4 4 23 36 12 12 24 22 28 24 6 14 
16 33 8 12 8 48 35 3 45 30 19 34 49 11 26 4 19 5 40 10 38 7 21 48 13 41 12 30 35 36 16 29 19 37 14 9 30 46 23 48 50 41 5 42 3 38 24 30 6 31 12 41 44 40 28 14 23 36 1 1 42 13 24 37 49 43 18 8 42 47 18 8 27 27 21 24 9 8 49 8 6 47 20 27 47 39 1 21 46 40 47 27 3 17 2 35 41 38 10 43 
25 25 41 35 49 32 5 50 14 7 13 11 36 36 29 41 27 34 29 47 29 20 1 12 1 6 18 19 28 11 36 42 31 2 7 13 41 5 26 19 46 39 15 8 18 34 20 6 48 25 29 34 7 47 44 23 44 21 47 9 39 47 19 3 16 46 17 13 33 34 36 25 45 29 21 5 6 37 3 26 23 26 46 35 20 13 50 39 18 18 7 40 32 38 25 30 29 38 6 10 
31 33 33 2 33 7 9 46 2 24 37 45 14 33 6 29 13 35 14 50 38 42 45 29 25 12 34 33 6 3 21 22 16 9 35 29 39 6 43 16 40 16 30 14 43 40 20 4 21 29 9 4 30 1 33 30 50 46 18 24 13 7 5 45 9 25 42 37 32 9 24 35 42 28 16 2 15 30 3 31 26 36 3 12 30 30 38 20 10 3 9 16 45 35 46 2 45 22 39 42 
47 40 48 48 42 6 47 41 2 27 28 29 1 20 45 36 7 7 23 42 3 28 21 3 24 18 9 4 21 47 18 34 4 48 1 40 6 45 42 15 12 10 4 32 35 48 32 6 5 12 4 2 6 38 30 15 6 50 7 17 19 29 41 30 41 14 29 7 12 43 9 14 37 49 43 10 31 12 34 1 12 29 16 30 23 19 47 45 32 46 21 46 32 15 34 40 6 44 14 12 
40 6 17 47 11 47 46 28 49 45 41 12 37 47 30 25 41 7 48 39 32 12 4 14 22 17 5 43 6 38 43 35 16 15 39 35 37 48 24 47 4 35 43 43 28 1 5 20 49 37 41 29 50 22 36 15 38 39 10 35 13 6 30 3 22 48 24 18 22 12 46 33 41 13 4 2 43 18 18 39 27 20 15 29 37 24 8 21 13 4 35 22 37 8 32 29 1 35 41 32 
40 5 11 23 26 8 31 8 2 45 36 14 30 33 49 37 31 32 9 1 7 34 19 49 45 24 22 25 34 37 34 46 35 46 13 48 31 25 48 39 10 46 21 2 3 2 1 43 18 32 46 36 42 24 16 11 1 16 35 15 5 27 10 43 31 34 21 4 1 31 43 41 43 9 24 14 43 42 48 42 6 28 16 20 48 46 16 20 9 16 2 38 9 46 49 39 4 9 46 31 
46 13 40 19 19 34 50 25 32 19 4 6 42 2 6 42 13 35 24 38 14 46 42 33 22 11 31 38 25 19 33 14 12 50 32 40 31 38 34 19 27 10 14 15 44 6 48 3 25 43 6 50 8 37 19 34 5 26 19 12 7 15 31 10 31 14 39 44 49 34 19 8 13 1 34 33 26 36 5 17 16 33 29 4 15 49 12 34 31 19 13 22 35 28 2 43 21 17 36 35 
6 28 11 23 22 35 21 5 27 28 6 2 22 4 9 37 2 13 2 4 33 45 18 5 45 8 1 26 38 8 50 38 34 25 23 3 7 31 8 48 49 28 17 45 27 41 26 43 29 19 29 44 28 16 9 25 27 25 23 50 28 39 24 3 49 33 46 33 31 8 13 14 36 42 10 7 9 40 46 38 42 20 41 40 16 36 40 34 31 37 17 3 1 6 7 3 27 8 23 37 
20 9 4 32 15 11 16 26 12 35 26 37 25 40 35 39 49 16 29 37 14 17 24 47 44 8 49 39 32 39 31 35 27 21 5 48 40 21 23 22 36 18 24 1 17 41 7 32 34 22 45 28 17 45 3 37 9 5 45 43 39 44 33 36 7 5 28 20 31 25 24 26 46 27 5 44 32 45 44 25 2 1 28 31 39 29 37 38 26 22 11 33 42 46 33 50 50 48 20 25 
19 3 34 7 38 39 15 44 46 22 3 45 6 18 34 41 2 16 48 36 8 44 13 11 34 49 40 36 31 49 1 21 48 46 33 14 46 3 14 36 32 28 16 44 33 6 3 5 48 34 33 9 30 50 42 20 47 15 45 25 31 24 11 1 24 14 8 29 39 46 49 48 10 3 12 36 13 3 19 39 39 42 21 24 42 40 26 2 33 34 15 27 42 22 47 40 13 31 33 26 
16 25 12 12 8 31 4 35 30 1 2 43 32 6 18 2 7 18 48 37 43 32 29 1 15 43 23 46 14 31 44 37 39 33 25 31 23 2 21 19 11 37 12 20 13 6 39 16 26 29 39 17 43 33 3 29 5 50 4 23 42 19 1 36 7 12 6 10 1 36 36 2 4 20 46 30 42 12 40 38 46 2 3 38 1 22 38 38 21 25 1 45 8 28 50 27 39 21 29 7 
24 13 46 38 19 47 34 30 28 10 13 42 32 8 36 50 31 27 17 27 7 29 34 13 32 9 6 41 28 9 46 36 43 17 42 7 36 3 12 29 1 6 46 45 42 40 35 31 32 37 35 4 19 24 15 7 45 11 21 44 9 39 15 34 38 26 32 15 7 44 31 15 11 34 1 50 18 12 24 14 24 30 47 15 19 5 13 3 24 22 28 9 44 27 37 5 29 21 15 11 
18 10 28 42 38 34 35 28 11 6 39 22 19 12 37 33 32 30 44 35 47 46 48 33 37 28 50 1 38 44 48 9 25 12 47 50 19 46 6 7 38 31 48 48 14 2 30 3 16 8 26 27 36 5 28 36 3 18 28 47 28 30 9 46 25 33 39 36 32 9 35 7 24 34 27 25 49 6 21 33 39 10 35 15 15 14 19 50 11 4 32 48 30 25 15 29 43 6 16 20 
13 35 19 18 12 8 14 28 34 49 29 44 18 15 9 44 46 34 1 24 2 19 39 28 43 28 30 28 44 33 19 44 17 37 17 19 16 25 31 29 16 38 31 16 36 14 4 4 14 15 45 47 9 30 45 29 37 33 30 9 19 29 14 28 8 37 50 11 48 36 19 47 39 25 38 5 38 6 38 41 6 34 22 11 12 50 15 20 26 38 4 3 4 29 20 16 5 18 12 35 
33 44 16 24 45 19 9 37 27 50 20 46 46 49 45 11 46 3 1 13 18 45 13 15 13 36 32 4 6 8 26 34 41 28 8 6 45 49 38 26 41 4 40 46 40 50 13 22 48 46 47 1 20 48 41 39 46 10 46 39 11 6 1 22 16 4 14 14 3 47 37 42 11 24 34 43 12 49 38 16 42 1 32 12 15 33 5 36 29 42 42 27 20 13 8 45 20 38 29 1 
47 19 10 21 23 7 50 17 48 45 23 19 25 21 36 6 12 44 36 39 20 8 37 20 1 21 44 45 28 39 23 5 1 14 38 41 40 33 46 34 1 24 15 40 45 47 50 8 2 47 47 8 49 11 47 15 1 24 13 7 21 6 3 6 34 29 27 48 47 50 11 13 23 9 21 42 9 30 45 41 36 2 7 15 23 22 23 26 3 38 50 12 6 8 41 35 38 32 32 29 
40 25 33 45 34 28 50 45 14 38 12 21 25 13 1 41 8 30 30 25 17 45 8 45 15 10 21 34 23 45 2 46 41 16 50 18 19 17 48 22 36 50 40 20 50 46 8 29 38 12 15 43 15 31 42 39 25 45 8 9 26 18 30 24 28 24 22 2 33 32 38 14 37 21 11 41 40 4 46 19 50 12 19 11 7 20 5 10 41 26 34 37 5 46 33 32 11 14 46 38 
7 16 33 45 1 30 10 50 25 13 6 36 35 19 8 40 45 32 38 14 13 43 13 33 49 37 8 28 29 13 26 40 25 7 50 9 24 5 15 30 49 8 33 49 22 21 17 5 46 47 27 21 26 14 13 47 50 22 39 3 13 28 37 42 18 12 22 7 42 36 38 39 39 37 15 44 35 17 22 8 6 50 49 10 39 22 6 35 17 11 21 27 6 36 42 7 47 19 32 40 
50 8 25 33 27 17 8 21 15 34 41 49 18 4 33 42 36 49 30 49 37 49 35 8 44 11 16 44 10 26 17 28 12 26 49 9 42 44 5 45 39 9 42 42 14 47 27 4 16 40 33 20 21 2 5 36 50 3 20 37 27 4 31 30 32 47 44 47 4 26 30 11 27 36 27 49 6 34 7 14 16 25 30 49 21 12 32 41 41 10 10 12 50 19 35 4 35 28 3 28 
27 3 42 45 18 16 47 3 17 3 46 18 5 35 21 22 25 27 20 17 46 12 25 30 5 22 36 20 32 13 19 9 30 47 26 48 29 22 38 30 40 6 2 41 25 32 46 17 48 43 40 23 37 40 49 26 5 9 18 36 43 36 9 6 14 2 36 19 17 31 2 44 14 2 28 22 43 17 44 25 22 24 26 4 22 45 42 10 48 13 18 18 31 26 22 49 40 40 39 36 
4 5 7 20 8 17 19 12 46 11 47 41 43 32 46 17 45 26 18 14 39 24 23 50 25 10 12 42 11 25 10 13 20 48 19 27 15 14 36 47 20 33 28 43 50 47 39 50 6 49 10 13 38 28 44 16 40 41 18 42 30 37 4 13 38 49 13 31 34 27 11 1 46 14 22 35 49 35 43 1 36 9 10 37 37 45 46 22 30 1 14 42 4 44 10 29 20 31 33 22 
36 24 31 1 40 23 37 25 4 50 3 10 40 8 44 40 17 5 48 10 47 35 34 32 5 2 17 35 38 2 39 7 18 1 42 14 11 49 1 18 47 4 27 46 44 11 48 41 28 40 39 1 33 23 43 4 3 33 10 1 22 20 33 20 18 32 46 18 18 25 9 45 3 11 5 36 15 16 4 3 50 26 15 7 15 24 35 30 35 41 35 22 41 42 39 47 34 49 21 29 
34 42 17 4 4 36 2 15 27 14 13 28 29 25 25 17 27 6 7 5 12 25 39 7 36 33 6 37 18 8 16 8 14 1 27 41 8 37 28 18 11 6 40 8 41 21 34 18 48 36 26 44 10 33 31 4 8 6 16 11 38 2 31 48 22 19 15 49 42 9 10 22 40 3 33 27 41 23 17 40 12 41 20 3 36 6 19 14 45 38 5 7 40 7 18 11 10 12 9 31 
20 14 38 6 3 48 27 30 26 2 49 19 22 50 7 2 37 2 10 44 14 48 11 29 48 26 34 20 7 43 15 18 38 15 5 49 19 14 1 38 30 4 24 46 3 8 50 12 38 50 8 10 34 32 10 24 3 9 34 32 11 24 19 25 25 42 16 39 32 18 49 21 11 34 41 46 5 36 47 20 19 36 43 19 15 45 2 34 35 27 32 25 36 14 8 13 29 26 3 31 
44 13 34 35 41 16 45 5 45 49 8 26 18 28 20 49 28 34 20 42 50 16 16 21 10 7 24 8 14 8 15 24 36 8 2 5 40 49 3 18 32 34 9 40 19 30 2 14 4 28 32 30 21 37 2 11 50 46 5 7 43 46 41 6 31 8 4 28 41 5 32 32 3 16 22 7 39 24 43 32 44 47 44 48 42 1 19 30 3 14 38 44 6 36 22 49 34 22 1 14 
12 41 50 7 48 5 49 27 22 32 25 19 14 15 20 17 31 42 14 12 44 28 40 49 7 2 47 16 20 7 40 49 31 9 34 41 8 22 9 2 40 28 28 33 12 31 14 38 39 35 47 22 29 11 49 22 36 2 43 46 47 18 9 11 19 11 15 41 50 45 30 31 18 14 23 5 48 19 17 29 36 47 8 3 39 24 46 28 32 19 27 32 14 9 25 31 6 17 18 20 
4 11 10 43 36 10 33 18 37 21 11 22 12 22 9 49 15 22 33 30 11 48 23 8 2 21 24 36 35 25 34 40 15 10 29 6 38 30 22 4 1 5 48 32 30 22 27 44 1 24 45 40 29 39 48 36 13 29 18 18 28 31 41 18 26 43 3 38 45 44 48 25 16 37 36 11 16 37 39 37 40 43 18 41 27 19 29 43 22 40 27 29 39 41 20 3 7 42 31 48 
21 27 49 45 21 20 35 37 32 1 25 19 39 6 43 43 11 25 14 20 44 24 37 28 29 49 6 39 29 29 5 14 22 18 2 28 11 30 21 7 13 37 23 38 10 8 15 4 33 15 26 15 15 12 45 35 23 45 24 12 33 37 19 50 21 15 38 12 46 25 17 24 1 44 26 39 6 16 40 45 6 2 29 36 27 30 3 32 2 6 41 49 35 40 5 13 16 21 9 30 
35 10 29 18 22 32 2 47 32 21 10 6 34 44 49 12 31 43 25 43 43 50 29 7 30 38 35 46 37 16 47 17 3 10 1 27 4 24 48 18 22 11 6 22 19 26 26 30 5 28 37 44 27 28 47 8 39 30 47 13 18 28 21 3 19 19 30 6 26 19 21 18 25 9 15 33 36 44 48 24 28 22 25 45 45 48 37 49 44 23 46 4 16 3 43 20 14 38 5 38 
16 47 45 4 42 48 13 47 23 17 20 13 10 44 42 24 43 4 41 44 26 11 42 8 1 11 28 17 8 37 36 44 36 29 3 11 23 27 37 13 10 23 24 34 7 39 10 25 43 3 39 21 36 34 27 44 45 17 37 35 22 36 26 19 11 25 4 17 11 20 41 24 48 44 11 7 12 44 27 40 42 7 35 12 14 39 21 1 37 11 38 33 12 26 39 38 29 27 31 34 
49 26 10 2 25 50 26 15 50 29 17 39 35 14 32 31 45 30 12 48 27 44 48 23 19 22 27 23 25 25 15 13 2 13 24 41 45 31 14 16 47 15 48 2 20 44 4 38 28 37 17 4 11 19 22 29 12 11 35 48 37 38 39 19 6 44 38 48 31 19 36 46 34 8 27 8 32 30 8 27 12 45 42 15 6 50 15 12 41 24 13 33 35 2 34 47 2 8 41 39 
49 20 28 33 6 19 20 47 46 9 33 10 35 2 3 9 30 12 48 9 7 6 34 40 5 32 22 31 11 42 39 11 7 18 47 45 39 40 6 3 17 7 44 25 18 17 46 37 13 27 28 34 33 16 43 11 47 38 34 9 23 31 40 22 17 2 48 28 28 16 34 41 37 46 19 43 36 32 43 14 38 17 2 2 34 9 47 40 6 16 3 20 25 24 27 42 40 14 40 1 
32 15 47 4 40 26 27 46 39 22 15 33 17 14 22 9 22 22 45 12 42 43 48 17 8 16 40 20 30 9 6 1 24 43 34 2 2 33 40 47 18 29 4 21 10 28 7 47 34 14 37 1 36 41 18 11 10 1 31 21 35 49 16 30 15 19 47 31 2 34 50 33 10 22 3 45 1 20 34 8 41 28 40 7 42 11 35 24 24 34 40 21 34 8 11 22 37 41 17 19 
40 26 23 18 42 48 39 31 49 38 13 22 11 20 22 35 38 23 6 26 15 23 41 36 19 3 3 37 30 49 18 17 38 43 34 48 42 34 27 3 29 5 17 13 31 13 37 22 37 15 8 33 35 31 50 39 28 34 18 25 45 34 34 48 15 8 7 22 50 15 15 20 44 26 50 2 12 23 49 6 27 27 19 48 41 36 15 28 30 13 20 44 17 11 26 12 3 37 36 19 
21 42 50 43 44 37 24 50 6 29 33 35 16 28 12 39 30 33 11 45 39 48 31 21 39 19 8 11 26 7 20 29 32 10 30 8 50 26 30 50 14 11 33 33 46 16 43 26 27 24 34 43 41 6 8 30 8 45 3 42 50 2 44 15 6 42 50 1 35 1 49 38 9 6 32 39 22 34 43 11 16 6 12 3 13 42 5 6 12 17 24 10 48 35 14 4 14 13 9 16 
21 31 25 24 33 10 45 12 4 1 26 7 42 47 48 13 29 50 11 34 13 18 43 27 39 4 22 12 36 47 21 2 32 27 28 35 11 15 15 16 16 43 38 6 17 46 34 21 33 38 25 16 8 44 12 19 44 15 45 19 49 1 43 50 5 40 10 25 26 18 29 3 21 16 22 11 12 10 13 22 23 12 33 19 25 8 38 12 17 42 15 4 18 29 36 22 3 23 18 7 
3 44 41 32 1 10 22 38 44 50 39 14 34 50 36 47 24 37 5 49 26 49 44 34 25 20 22 42 8 38 1 32 38 24 20 6 26 48 7 49 19 23 35 25 50 27 7 47 47 29 9 25 35 10 27 31 3 18 5 19 42 29 17 12 46 37 44 21 9 29 31 4 27 30 38 31 35 20 39 38 5 1 16 24 21 29 46 20 39 22 40 8 21 10 28 32 26 14 27 35 
40 40 29 22 12 46 48 26 48 35 15 18 9 43 12 22 39 18 8 18 47 18 22 7 15 34 8 44 6 46 44 12 47 36 22 37 6 34 8 44 41 1 44 13 8 3 9 32 40 19 37 9 20 45 11 48 2 6 44 21 15 21 31 25 43 39 16 7 27 23 43 29 44 29 35 28 20 48 44 21 50 30 46 37 21 21 48 15 46 32 23 31 27 39 39 43 18 25 30 4 
25 7 39 1 44 11 4 2 24 47 45 16 49 41 48 11 32 29 35 7 26 29 31 16 23 39 1 20 26 20 47 27 28 3 8 36 1 12 30 27 23 27 22 28 47 8 27 14 32 8 21 39 30 39 48 8 36 31 31 12 43 13 48 33 12 39 13 32 41 6 32 48 17 49 45 42 12 40 30 26 26 33 46 31 47 18 33 32 19 26 3 11 48 22 22 35 2 46 29 31 
7 21 33 45 15 10 22 36 13 29 12 10 20 31 37 21 33 14 14 48 41 16 34 6 49 44 12 39 4 28 42 38 33 1 13 45 16 31 48 32 3 44 24 38 19 11 15 48 20 14 24 4 38 24 42 44 50 41 26 33 20 32 11 1 49 8 3 43 22 43 23 35 2 8 23 14 2 44 16 32 44 40 36 46 16 34 45 33 14 30 3 18 35 21 5 20 50 12 49 35 
42 19 49 50 50 47 12 10 11 6 6 23 35 23 34 5 10 31 9 38 43 37 18 39 4 22 6 34 34 41 29 49 43 22 18 32 47 26 30 48 43 9 10 19 47 47 11 40 24 8 16 33 35 20 12 9 43 17 29 31 21 11 39 20 19 23 44 2 47 50 11 34 43 10 5 40 24 50 30 50 40 16 38 22 45 5 14 40 25 48 12 27 34 10 30 35 13 48 5 33 
11 41 24 30 24 49 5 16 47 39 4 11 16 46 41 26 9 26 12 8 37 36 38 40 47 38 12 20 16 46 30 13 5 11 4 18 47 24 17 39 13 44 20 11 33 3 26 13 43 7 1 26 38 16 10 10 30 7 14 38 11 29 49 48 17 36 29 50 36 30 40 25 10 6 9 25 42 12 17 2 4 12 50 5 24 37 11 17 25 35 12 24 45 44 26 37 44 24 42 15 
25 49 2 36 4 47 12 20 24 12 24 38 10 19 8 19 50 50 7 18 37 44 9 50 2 7 7 37 24 3 47 19 27 46 50 34 28 29 1 21 23 34 8 40 27 44 40 18 3 25 13 7 50 32 24 16 32 19 8 12 27 37 20 15 15 20 5 13 1 26 39 50 50 19 27 49 33 39 33 29 41 24 37 50 18 20 1 21 18 45 20 46 40 22 46 12 20 14 41 32 
25 9 43 17 30 16 20 28 27 6 39 13 21 24 21 46 18 6 27 4 21 40 45 6 15 50 50 14 1 15 24 29 17 40 45 43 47 27 35 44 16 7 41 16 48 46 27 13 34 11 43 23 22 19 3 28 6 16 26 47 34 38 18 18 40 6 50 28 34 17 39 2 19 24 10 15 29 29 29 9 4 32 42 21 35 17 16 38 28 21 1 28 15 24 45 32 35 42 36 21 
34 42 25 21 26 38 21 15 16 45 34 3 41 9 7 33 25 29 24 49 47 1 40 50 31 38 46 8 26 32 19 49 19 31 43 49 31 13 19 40 29 1 4 2 37 31 20 23 5 4 16 44 35 29 4 31 4 27 5 40 25 37 40 28 6 26 40 31 20 12 48 22 7 40 26 28 6 45 24 7 15 31 2 41 29 29 30 10 2 30 32 42 46 20 24 37 38 46 11 12 
42 14 27 40 46 31 19 39 49 47 4 28 48 35 44 34 35 3 23 8 17 40 47 32 36 41 25 34 33 47 24 45 22 43 27 1 18 2 50 8 32 41 17 49 1 9 28 26 35 49 20 15 50 28 22 15 47 48 23 28 18 5 47 23 9 22 15 13 1 19 23 48 37 5 46 26 31 11 50 27 10 23 21 5 44 19 44 2 45 27 2 34 28 49 45 33 19 38 30 35 
24 47 33 37 44 15 2 15 20 34 35 1 44 22 31 39 48 11 9 3 39 22 19 4 40 28 32 32 24 9 46 20 12 15 6 39 26 29 46 49 11 8 33 33 49 10 19 8 30 25 49 30 15 2 7 30 22 43 4 17 16 37 2 14 26 22 30 41 5 9 8 45 50 14 32 32 29 34 3 2 39 31 2 18 31 34 46 11 8 7 17 9 23 8 15 9 32 23 43 19 
7 12 39 4 36 40 14 16 17 12 35 26 42 10 40 2 18 26 20 20 50 40 35 12 8 8 34 18 1 23 48 23 11 23 48 4 48 27 13 19 27 9 26 25 33 26 10 12 44 17 15 17 7 50 44 15 17 17 44 26 36 9 39 44 31 12 15 19 8 37 21 48 5 19 8 35 49 8 30 18 27 28 38 41 19 12 32 8 6 1 41 15 37 13 15 49 29 4 13 22 
36 48 6 4 42 47 43 20 19 41 36 12 24 23 8 5 6 1 20 15 16 21 42 8 33 35 36 4 22 11 34 2 48 45 19 45 22 5 23 43 19 38 50 25 7 33 15 29 1 16 22 43 37 18 13 28 13 50 32 9 38 12 26 28 18 46 10 23 45 29 5 21 48 8 38 34 24 16 9 1 37 13 8 15 4 2 38 1 21 48 44 8 35 19 4 14 50 21 35 8 
26 43 5 12 25 26 36 1 33 10 5 50 29 19 36 49 47 6 11 5 46 40 24 38 26 43 49 6 32 7 27 39 19 26 50 1 8 15 37 12 43 9 21 43 14 32 38 25 18 47 14 7 25 30 18 40 3 10 39 45 14 49 10 15 36 20 19 38 18 32 27 32 10 24 28 32 30 49 35 8 22 35 4 14 1 45 6 48 4 12 21 3 42 43 16 4 14 14 29 15 
42 46 22 25 40 39 23 34 1 4 7 4 11 37 9 8 38 11 18 8 24 13 8 17 18 26 43 50 37 3 44 6 5 46 34 41 10 17 42 11 26 50 20 19 15 23 28 37 24 3 14 19 33 45 35 20 36 28 45 39 17 23 11 13 49 23 21 49 36 36 14 39 45 34 24 50 4 13 26 40 15 4 4 46 23 6 11 38 34 50 26 24 20 3 42 38 45 41 12 8 
18 18 30 4 50 49 23 32 46 45 47 40 4 7 47 13 19 42 1 28 11 7 28 4 49 24 39 41 14 25 27 22 11 16 37 10 27 18 38 23 14 7 18 4 7 39 23 22 21 43 7 26 29 18 48 11 14 12 5 28 12 41 6 31 49 8 50 15 27 38 49 37 7 21 11 40 2 9 18 39 7 7 6 49 16 43 8 4 43 49 5 33 46 4 5 6 34 17 4 11 
11 24 46 10 47 23 14 46 28 16 38 19 15 30 15 42 47 7 26 11 47 29 9 21 2 6 42 2 17 11 48 38 10 25 43 25 28 11 8 47 36 25 29 37 48 19 43 41 15 49 2 46 26 10 34 40 31 32 38 31 22 32 46 8 26 46 8 21 42 5 28 4 47 19 30 21 34 8 23 28 35 38 26 8 1 36 27 7 28 17 47 3 25 24 25 46 34 32 48 50 
9 23 14 22 14 3 43 27 31 30 46 50 41 16 19 11 22 33 31 1 44 48 7 47 6 20 12 34 45 18 23 25 36 27 23 17 45 48 8 18 34 15 4 28 11 23 5 48 7 42 9 36 8 39 30 7 6 40 29 5 35 26 9 18 19 27 34 21 22 18 25 3 15 42 48 32 41 20 36 37 46 12 42 34 26 8 14 25 22 45 39 50 29 39 28 37 40 42 28 38 
36 4 24 12 26 45 3 1 46 21 28 36 11 39 28 42 27 38 6 2 45 46 14 49 18 35 46 21 46 48 48 41 16 48 8 23 32 3 43 19 4 20 31 12 3 16 24 39 17 28 36 30 31 29 35 18 42 13 35 6 25 10 37 24 33 45 23 4 7 33 32 50 30 5 22 26 11 17 23 21 1 8 20 9 43 29 24 16 8 9 36 1 18 6 45 47 34 5 45 28 
7 15 15 18 42 42 31 44 37 12 32 25 18 2 24 13 46 17 17 14 17 46 11 46 23 47 47 24 5 45 32 20 9 39 30 36 15 38 22 50 36 42 30 32 12 11 36 34 12 43 49 46 43 17 18 19 40 23 44 20 23 40 2 34 29 13 22 5 22 11 35 21 13 1 21 16 46 20 36 12 37 43 22 11 43 13 1 41 43 49 37 33 23 33 22 30 49 5 30 8 
3 11 6 41 11 6 44 9 5 46 32 18 13 43 38 44 44 20 40 22 26 46 43 32 19 33 36 6 39 37 8 48 33 39 24 47 4 27 48 20 8 11 49 2 14 29 16 9 8 30 16 47 42 10 28 23 28 17 36 37 10 19 47 1 21 7 48 15 8 22 28 28 41 50 31 4 31 26 11 48 50 2 39 7 22 27 27 4 49 44 18 6 38 44 10 24 48 4 12 47 
23 17 45 7 49 35 34 25 23 27 35 12 13 49 39 32 10 17 32 13 6 1 14 29 15 45 22 1 38 6 46 36 44 46 47 48 19 43 3 15 32 40 16 30 40 19 24 10 5 24 31 15 36 7 30 47 2 50 36 17 12 2 34 16 1 25 13 46 49 2 28 22 42 32 21 24 36 4 42 49 28 47 46 16 38 39 6 50 29 16 31 3 5 28 45 26 50 6 7 1 
12 11 32 48 13 46 2 23 1 45 20 36 36 49 33 32 30 18 5 22 46 24 6 17 25 1 25 43 48 5 9 15 27 39 41 33 11 12 25 46 27 19 6 44 27 30 23 47 1 21 19 8 12 26 1 8 47 8 37 43 47 49 9 9 2 17 37 31 49 17 9 3 37 5 33 29 37 50 36 34 34 7 26 16 29 1 5 34 4 24 21 2 37 18 13 8 34 40 50 13 
47 41 38 4 40 49 24 11 13 35 35 48 27 10 49 37 41 9 3 49 44 10 13 22 41 37 16 4 48 17 15 33 44 4 13 50 49 50 10 25 3 34 35 42 11 41 12 35 49 42 50 27 2 19 16 38 7 32 48 24 29 39 34 45 4 1 4 20 1 50 44 31 3 49 24 8 43 34 17 26 49 10 41 34 29 46 31 21 15 20 32 10 49 39 42 49 13 18 42 40 
20 48 40 5 23 17 29 42 39 27 2 23 3 34 10 36 35 28 10 33 22 9 11 2 36 8 45 32 9 42 22 9 32 46 35 35 29 30 45 17 12 25 11 3 12 28 12 20 47 44 50 50 18 12 37 44 30 29 39 37 22 37 44 42 28 1 37 9 16 35 11 46 33 36 28 16 24 29 50 47 26 17 4 27 35 34 31 26 50 49 11 40 45 15 5 35 27 34 20 36 
49 30 36 14 25 20 1 44 9 19 27 42 42 50 22 36 10 39 7 20 32 10 39 28 29 38 34 32 46 6 1 23 10 7 49 9 34 42 5 4 8 3 36 47 16 35 1 49 35 6 17 40 26 49 39 17 22 48 40 28 50 6 14 3 21 12 31 13 34 17 10 24 47 11 43 20 27 29 49 23 36 40 5 32 25 36 39 41 44 40 32 12 31 41 1 21 14 23 10 39 
5 2 38 37 30 28 45 1 22 14 23 13 33 19 39 24 4 22 39 7 25 4 21 8 2 50 28 21 41 38 11 38 14 22 7 9 41 30 15 3 47 26 49 15 6 31 42 29 26 41 43 9 9 13 30 50 16 10 45 17 29 35 15 50 43 36 39 24 43 7 42 45 30 50 17 35 31 17 10 47 19 26 49 44 13 39 41 41 27 36 32 6 1 30 2 3 28 15 41 29 
10 43 45 6 35 2 42 50 32 44 30 13 26 15 28 21 35 46 11 28 50 49 35 38 29 21 29 4 50 33 5 11 18 27 26 43 25 28 22 44 32 30 31 4 12 28 38 45 40 33 1 31 14 42 33 17 34 26 32 36 50 29 19 42 32 19 10 20 36 25 41 22 22 7 28 4 45 24 19 37 40 30 45 3 27 41 20 2 11 4 4 31 17 37 15 6 26 8 24 35 
12 32 35 22 43 41 8 41 2 5 12 14 37 20 26 43 28 23 22 3 9 15 11 34 12 34 19 42 18 24 47 38 48 16 4 28 16 11 15 14 28 19 32 36 24 48 36 31 50 8 25 14 46 28 29 48 27 2 28 32 39 30 12 30 17 44 10 49 50 29 14 40 30 28 35 35 49 48 46 34 27 49 16 49 8 11 19 1 15 50 20 33 49 22 37 34 18 25 9 8 
2 18 8 19 24 18 20 13 32 31 20 8 38 48 33 18 49 11 15 43 11 32 3 21 2 20 39 43 32 26 46 13 47 44 38 44 10 36 7 36 43 28 30 43 30 12 35 41 22 22 9 43 25 47 17 24 13 4 30 5 1 6 31 26 4 44 25 22 15 2 44 10 45 35 7 7 11 42 27 21 11 49 10 40 21 29 30 9 2 46 16 36 50 44 4 34 47 6 15 21 
39 50 10 49 28 22 7 2 4 27 18 38 30 5 17 24 26 39 19 22 15 38 3 41 45 8 40 37 42 4 5 3 4 15 37 24 30 9 8 2 14 32 7 18 46 42 48 48 18 50 18 32 8 22 21 47 29 31 36 38 18 36 6 33 26 22 24 17 32 24 21 44 9 24 26 10 7 42 33 37 45 11 27 6 4 46 1 33 15 29 4 33 49 12 13 42 37 38 12 30 
48 50 35 35 46 38 4 40 41 15 19 45 21 21 4 13 27 40 13 9 45 31 15 16 34 34 3 4 23 17 34 20 40 8 20 39 6 23 33 34 19 29 48 24 14 27 15 46 1 23 28 13 1 35 3 40 41 2 32 10 12 18 45 43 27 6 16 6 50 20 17 6 31 28 19 9 8 36 16 28 19 48 9 38 41 36 43 24 34 40 21 21 43 50 25 7 9 47 40 40 
24 42 3 16 29 38 3 39 33 45 38 39 43 25 6 47 31 37 21 38 17 4 37 11 7 8 45 31 2 42 16 17 5 22 15 46 28 21 40 28 3 35 9 15 15 47 18 42 8 11 8 14 34 22 1 32 1 28 21 42 27 35 20 29 4 7 12 4 46 13 47 41 8 44 31 22 44 40 1 47 37 26 29 41 8 40 18 37 42 26 39 5 10 27 19 37 11 44 39 29 
15 45 21 3 2 33 46 16 16 49 7 29 45 46 4 3 34 31 9 13 12 19 39 29 47 22 11 46 41 33 32 34 13 12 17 16 19 6 44 19 17 28 5 37 50 42 49 28 42 29 26 6 17 20 46 40 6 18 43 30 43 35 27 4 3 34 46 24 21 14 16 15 40 6 48 38 23 13 29 37 38 3 18 47 11 22 18 10 28 16 13 5 37 2 45 24 39 40 22 14 
11 39 16 35 1 23 20 44 43 28 17 7 22 49 26 32 46 2 44 3 31 28 32 29 10 15 44 11 47 14 14 21 8 48 40 7 36 37 12 23 26 46 33 36 32 44 37 17 19 10 49 27 39 1 13 50 27 26 10 39 2 2 2 35 22 16 32 33 14 6 39 30 3 13 18 20 23 20 8 26 29 38 16 3 1 39 40 48 2 10 41 50 36 45 30 46 24 4 6 46 
17 28 46 14 31 19 22 24 5 4 11 5 46 19 10 1 33 50 44 6 16 50 25 17 3 11 28 43 46 20 32 37 3 17 46 15 41 1 26 28 39 49 27 10 5 4 49 30 7 32 21 36 48 1 46 1 24 3 34 1 11 38 9 8 37 39 34 23 25 44 38 10 23 31 33 17 22 18 42 2 14 25 1 39 23 38 34 48 7 25 45 29 42 33 33 1 27 22 8 38 
46 31 13 49 47 30 30 36 6 5 47 39 20 32 20 4 3 8 50 34 48 13 21 3 6 40 6 4 7 34 5 28 13 38 50 32 36 32 9 45 32 34 2 20 41 19 24 47 35 48 20 40 18 31 41 49 25 26 12 26 23 35 27 47 16 38 19 9 46 13 19 19 25 7 4 13 26 13 38 7 34 47 38 50 43 35 6 30 42 36 39 12 49 2 12 4 10 40 50 22 
31 47 4 28 22 32 7 47 33 20 32 50 34 46 29 12 31 43 13 13 44 42 8 10 18 13 32 38 37 33 26 14 37 38 15 41 49 28 10 20 48 26 11 50 22 24 33 11 21 29 7 13 27 18 49 32 29 15 27 35 26 41 15 25 14 37 31 41 10 17 24 36 25 40 40 35 31 14 39 28 47 24 20 46 44 1 38 37 24 6 21 17 46 48 11 16 31 19 40 2 
8 39 23 2 9 14 34 41 31 14 5 9 17 28 33 8 24 22 35 33 39 35 37 20 22 47 30 26 33 20 13 18 12 49 27 43 8 47 19 42 9 25 6 42 2 2 15 48 32 12 8 4 18 28 26 24 21 31 44 14 12 5 4 50 23 44 15 9 32 19 24 25 26 33 43 24 48 10 1 16 4 25 50 24 9 32 8 3 33 25 31 13 28 1 8 27 28 15 23 20 
24 21 33 25 34 29 16 31 49 22 32 41 6 14 7 35 19 30 21 8 34 24 13 2 23 42 7 11 41 45 19 11 20 37 24 13 28 47 48 16 29 5 46 22 49 4 21 47 11 24 22 15 45 32 3 18 49 35 41 15 49 14 25 40 9 9 21 9 25 10 48 19 6 39 34 49 43 40 4 28 41 44 21 29 9 35 1 36 47 12 7 40 47 2 45 6 41 27 27 25 
3 11 14 2 3 45 15 43 32 6 22 6 45 18 1 27 35 48 39 49 20 9 5 8 15 10 7 42 18 7 18 38 37 49 8 48 31 34 26 12 10 2 8 1 35 30 11 17 46 30 29 7 15 14 8 23 29 24 4 9 20 3 19 18 34 1 49 32 38 44 46 47 4 39 28 33 19 24 21 2 38 26 15 19 20 49 14 26 42 40 6 2 7 45 4 44 14 38 11 16 
30 37 35 6 21 19 40 8 34 2 28 37 12 38 16 43 27 26 36 14 20 41 3 32 14 23 15 49 48 49 42 40 35 13 32 22 32 6 8 15 12 26 30 42 3 3 34 49 42 29 35 19 11 39 43 50 24 37 49 27 37 37 42 23 11 26 44 18 27 34 26 18 13 48 3 27 37 17 45 44 18 20 1 2 25 47 38 5 25 48 34 11 2 25 1 37 43 28 50 18 
19 21 46 11 26 13 5 9 33 15 17 21 46 37 15 50 26 32 9 50 5 41 5 1 5 10 15 39 24 19 47 49 1 14 33 49 47 22 22 42 28 35 45 14 9 44 14 25 6 17 14 19 34 4 20 34 42 3 44 43 39 18 21 45 21 31 25 9 22 31 21 41 18 44 23 3 27 25 35 49 13 26 3 11 8 40 47 42 13 45 7 29 25 40 3 10 44 40 40 21 
16 1 44 15 45 7 34 31 8 6 15 15 15 41 16 36 10 23 22 49 13 27 14 10 31 49 30 43 37 44 14 27 5 42 26 6 4 5 19 30 6 43 14 36 10 23 47 36 26 25 14 11 2 29 43 30 8 4 25 3 2 41 7 18 27 48 44 21 25 3 23 35 25 42 9 32 20 20 8 50 17 31 47 5 40 48 46 16 2 48 13 43 4 34 22 38 29 39 21 34 
46 16 19 50 28 10 38 46 45 50 4 3 45 43 14 37 12 32 1 13 30 39 5 47 38 43 9 21 47 36 44 20 4 15 43 43 2 23 27 44 2 15 21 15 30 6 28 15 12 12 3 23 43 4 32 17 5 39 20 48 5 39 35 10 2 7 32 39 14 34 36 10 47 41 7 48 34 18 38 49 14 16 32 36 29 7 24 16 39 42 43 38 42 49 37 42 12 31 12 42 
46 38 43 20 8 17 28 45 31 41 34 46 48 23 26 48 20 26 12 27 50 41 14 45 36 28 9 16 21 25 29 19 44 43 37 32 48 33 10 10 22 17 3 41 31 44 31 28 18 2 11 9 6 25 29 7 43 22 44 5 3 32 43 42 48 36 40 48 32 27 12 11 10 38 25 33 42 4 39 35 30 5 31 36 50 45 43 49 2 13 11 8 45 10 13 39 25 48 23 30 
22 38 40 43 29 42 24 38 42 50 27 15 24 42 19 6 30 16 32 19 17 22 6 27 40 40 41 46 34 31 17 6 29 10 16 7 9 39 28 8 9 41 19 6 50 11 27 28 28 25 28 44 10 7 30 31 34 22 7 25 12 33 6 26 10 8 22 43 2 30 45 20 46 38 45 28 19 42 13 11 13 17 12 30 43 11 32 21 46 41 25 19 1 18 33 37 34 26 30 37 
16 41 22 29 18 18 39 18 9 25 19 7 18 33 47 1 12 50 25 15 41 5 11 37 41 48 14 43 30 21 8 30 22 13 29 26 17 28 15 13 22 29 25 38 12 36 9 8 12 46 50 23 18 9 6 36 2 8 30 11 42 27 17 2 40 6 47 31 41 30 2 25 18 4 36 39 42 29 7 25 30 15 1 28 8 25 49 47 25 35 31 48 46 43 25 49 25 48 13 42 
3 18 46 4 12 43 6 23 2 11 5 37 40 34 27 19 47 4 38 28 10 11 3 24 3 14 30 2 11 6 46 42 19 45 13 9 21 50 16 20 50 46 35 9 46 15 15 38 27 19 10 11 23 29 13 19 22 25 31 24 26 50 33 38 17 9 27 11 2 27 15 39 31 41 2 21 24 33 12 6 7 13 14 9 25 46 1 22 32 45 13 5 45 47 10 2 3 46 44 36 
37 40 8 45 8 2 42 19 2 23 41 40 42 47 28 30 40 12 11 34 36 33 38 39 18 42 44 36 43 49 20 20 31 12 50 26 50 50 10 21 43 1 28 26 7 32 43 38 48 12 24 43 28 30 39 31 9 49 48 49 23 22 16 45 41 29 43 4 20 5 29 6 18 9 48 42 49 31 32 42 44 4 7 48 19 35 34 17 22 20 20 2 14 26 32 8 7 12 46 46 
18 44 33 31 37 21 27 7 48 36 27 22 38 13 40 4 2 11 30 36 18 45 1 19 1 16 50 24 45 46 20 27 41 18 30 16 14 33 41 32 30 21 6 12 30 27 1 9 13 8 47 26 7 30 9 11 38 41 42 13 24 43 46 29 36 44 45 47 29 11 8 35 2 19 7 6 3 47 16 17 27 29 40 21 29 21 39 15 22 10 30 43 35 31 41 49 19 3 34 37 
2 13 4 18 2 10 20 2 5 23 36 11 7 26 36 30 19 48 45 5 3 24 37 19 41 2 21 44 33 22 3 14 38 37 14 14 46 4 12 8 12 19 12 14 43 26 29 50 49 9 45 13 2 48 13 46 33 45 31 32 37 8 12 28 41 35 28 28 50 28 13 22 42 1 10 38 27 19 19 21 21 36 36 24 26 25 18 18 10 5 12 33 29 6 39 8 11 46 15 49 
13 6 41 27 36 1 26 24 30 48 26 23 15 46 48 17 33 26 24 7 15 41 43 10 32 27 18 49 45 49 30 35 48 33 44 42 32 17 19 43 24 25 2 49 2 8 2 4 34 22 19 5 36 32 21 8 39 38 48 27 25 46 19 44 2 12 30 44 36 17 17 21 33 17 42 27 23 32 22 50 28 14 46 43 39 50 3 33 8 26 23 48 11 4 43 17 5 26 2 12 
11 8 41 4 49 16 26 20 48 43 31 32 38 27 29 16 37 49 39 48 20 16 15 43 36 22 50 17 6 20 4 19 7 34 32 45 14 47 42 30 33 29 46 8 49 10 37 50 48 17 42 34 28 25 12 32 16 22 23 19 16 17 40 41 42 44 12 45 23 43 30 11 6 36 43 4 41 11 37 11 13 37 13 29 38 19 26 10 7 47 22 7 47 45 32 15 1 10 50 10 
4 11 35 6 27 35 39 1 26 33 40 2 16 23 15 47 9 43 30 22 6 3 5 25 38 20 48 3 14 34 43 9 37 20 11 39 46 36 35 16 37 46 29 23 41 14 29 49 50 15 6 47 41 2 41 20 24 42 43 11 9 23 28 46 29 23 30 13 34 8 22 23 1 12 30 46 23 36 13 8 35 1 8 4 22 26 44 5 19 39 11 34 1 3 48 1 31 7 10 45 
4 19 5 5 35 6 14 16 24 14 24 26 49 30 18 18 22 29 10 14 26 18 10 16 42 41 30 2 37 24 41 31 14 23 50 10 20 38 1 24 30 20 45 45 27 4 36 6 19 35 36 15 36 42 26 16 28 24 1 45 32 5 14 3 4 8 18 44 46 30 39 22 1 22 45 2 8 15 26 43 25 26 5 19 7 40 43 39 43 22 41 40 41 44 22 21 10 8 45 49 
18 3 29 6 37 50 33 40 30 20 5 14 13 48 39 9 2 22 14 3 20 23 37 43 9 26 5 14 33 9 23 25 25 46 39 13 25 22 21 12 3 50 17 7 37 21 4 47 24 33 41 40 47 7 18 22 34 21 4 39 7 35 34 2 29 10 47 37 26 48 26 18 9 24 16 37 19 41 26 16 40 35 25 22 34 32 34 9 31 14 32 42 40 17 28 32 34 6 39 13 
50 28 2 16 41 35 35 33 41 38 30 33 35 43 17 24 16 4 40 39 5 21 41 13 5 35 36 43 31 27 25 30 31 30 3 13 15 4 47 4 33 14 13 36 9 1 18 24 31 23 46 10 2 27 2 48 38 18 2 23 8 50 13 50 29 32 15 50 9 6 32 31 10 48 15 23 12 24 25 16 24 3 30 5 15 50 35 42 5 50 7 1 1 45 13 1 28 14 25 42 
50 45 25 37 49 8 8 33 49 17 38 18 35 28 41 15 29 47 9 28 18 25 24 5 46 3 20 43 29 28 23 19 11 22 26 33 16 15 27 39 9 17 4 22 8 27 26 26 2 39 45 42 14 32 46 34 31 48 10 39 22 32 15 49 5 45 27 26 45 47 50 1 33 11 33 44 29 9 21 16 5 27 10 37 37 15 46 41 50 9 41 23 9 28 46 27 1 39 23 23 
48 23 35 50 11 20 37 41 44 26 23 12 35 26 46 23 45 29 38 40 3 41 29 49 7 27 17 43 17 28 30 42 41 19 29 50 38 9 47 27 50 47 45 7 40 33 30 6 3 19 37 23 40 22 27 45 50 11 10 8 4 31 17 6 49 39 22 50 27 39 13 2 19 14 32 23 27 31 16 5 3 37 14 49 25 1 31 13 30 33 23 27 11 40 27 15 17 11 21 37 
32 1 18 31 44 32 5 15 13 13 4 24 32 41 11 35 20 2 28 3 16 12 40 14 14 38 9 43 11 11 36 5 46 28 19 36 17 27 47 2 25 46 4 24 8 25 31 27 45 23 27 8 29 48 44 6 45 25 14 43 25 49 16 15 50 27 34 35 36 38 34 22 41 7 18 41 17 37 48 34 15 31 1 38 2 50 26 25 37 6 4 11 27 25 12 15 25 25 23 46 
34 29 13 49 8 1 11 25 7 19 49 25 4 1 33 37 23 41 14 44 20 10 16 34 45 15 26 9 23 23 21 7 31 30 8 12 43 10 17 31 4 47 44 36 20 34 25 45 25 49 46 23 20 16 2 7 22 17 3 32 11 13 34 14 33 11 29 32 32 21 20 34 25 35 39 12 22 7 38 13 18 46 42 43 5 49 14 34 28 19 49 33 23 38 16 16 36 20 20 13 
46 36 28 6 47 45 5 39 1 23 28 2 1 22 5 19 19 46 4 35 25 49 34 44 6 19 21 33 29 9 45 34 6 11 9 41 44 46 42 13 35 31 47 30 30 47 32 29 28 34 44 8 12 26 46 34 11 47 27 35 44 38 20 28 22 17 38 12 37 1 37 14 23 48 22 4 3 27 37 40 4 30 3 34 25 49 3 22 14 14 46 38 27 37 34 37 31 50 49 31 
39 44 38 48 42 45 25 20 11 44 16 6 1 11 29 38 44 6 30 42 23 47 43 1 41 26 10 49 50 44 42 20 5 16 48 11 31 4 27 24 12 37 20 1 49 41 46 38 20 26 49 23 26 44 2 25 28 27 16 39 35 44 49 50 21 27 42 4 33 15 1 43 50 21 45 12 22 21 32 22 29 49 21 39 25 46 3 16 40 33 2 14 11 31 6 36 15 44 14 33 
46 13 3 48 9 4 48 14 6 19 9 34 45 17 49 14 2 32 28 45 42 30 47 26 33 50 31 12 5 33 41 5 8 42 45 19 22 25 48 4 45 40 48 3 29 27 6 28 31 29 43 32 42 19 35 42 1 42 21 34 36 3 16 7 30 11 8 36 48 7 15 22 39 40 23 38 49 29 49 11 22 50 15 11 16 38 31 10 48 44 36 39 35 10 18 41 11 43 48 44 
10 18 8 34 16 40 30 47 17 44 20 27 41 22 38 21 31 40 30 16 1 23 6 28 29 34 34 32 46 46 23 27 10 3 29 43 1 16 41 40 42 26 32 17 46 48 2 49 27 15 28 16 48 30 39 43 10 27 20 33 46 27 29 5 39 30 30 12 34 10 12 42 18 13 34 28 23 42 21 31 50 26 10 48 32 4 39 28 23 23 37 30 3 46 12 9 24 41 11 28 
5 37 28 48 9 29 31 31 44 39 5 43 36 34 42 2 26 31 25 35 45 50 43 27 38 48 26 8 19 30 48 11 35 40 5 44 40 30 10 46 28 25 48 32 44 33 36 40 35 12 17 3 42 48 22 21 43 40 23 20 30 31 34 25 27 42 4 6 23 38 25 21 25 5 35 16 1 35 47 28 24 19 25 43 22 49 34 31 5 45 36 29 45 12 23 41 46 18 46 16 
30 40 9 10 5 11 46 15 42 2 10 2 7 39 35 45 47 19 29 45 7 50 45 34 26 45 42 22 44 39 12 21 27 4 21 8 47 24 9 32 7 40 9 41 48 36 23 35 17 45 50 41 1 34 40 7 26 36 22 44 42 34 29 42 32 23 26 42 26 40 8 36 33 33 19 9 50 43 4 11 43 43 41 10 1 38 14 28 13 13 26 27 21 15 27 43 40 21 21 11 
13 31 37 13 9 39 43 17 40 43 12 22 43 24 39 3 19 18 49 28 12 38 39 40 17 10 15 34 24 40 24 22 40 8 5 5 23 27 34 2 41 27 11 23 44 4 33 45 39 27 44 12 11 31 11 36 17 2 17 32 6 35 38 1 15 25 6 24 27 24 35 30 38 24 33 48 38 38 12 10 11 1 19 44 34 2 47 43 24 24 39 31 48 48 44 36 20 2 12 7 
33 20 17 43 49 17 14 25 5 46 3 16 25 15 20 6 32 2 4 46 3 35 6 5 14 50 39 29 4 16 49 45 27 50 48 18 22 49 45 21 34 23 12 34 5 29 15 23 21 39 50 30 20 13 10 28 12 8 6 15 37 20 45 4 36 7 39 2 34 31 20 3 13 22 32 11 25 24 3 1 15 8 16 41 39 45 28 26 39 12 24 5 46 41 3 48 35 43 19 23 
38 16 48 35 24 27 8 11 5 24 2 49 2 35 10 33 25 24 23 49 16 35 49 22 37 36 9 44 20 15 25 50 41 15 16 25 43 12 46 26 29 46 37 7 39 29 25 29 11 19 2 33 29 2 2 46 43 45 47 41 31 47 16 32 34 31 29 7 5 17 27 40 35 50 42 47 10 10 19 46 2 46 48 3 12 37 16 5 33 37 15 33 14 31 42 9 15 41 16 44 
24 40 11 27 41 7 33 46 15 41 26 11 49 36 17 48 19 32 1 30 39 18 41 10 9 45 36 37 47 26 49 45 22 15 43 45 16 26 43 13 5 33 48 26 30 37 16 29 4 26 7 2 18 23 50 20 17 5 17 15 25 22 13 46 20 22 5 13 23 44 10 18 34 4 20 33 26 8 35 37 46 18 5 20 21 9 34 46 36 31 28 16 15 14 28 1 34 37 19 44 
30 14 44 49 40 14 8 23 14 18 20 23 1 40 39 36 23 16 17 35 47 11 6 2 8 36 2 35 24 6 42 46 2 37 47 21 34 49 41 34 6 21 41 39 37 2 4 46 16 35 33 17 36 19 9 10 47 29 48 9 26 8 22 43 19 10 45 32 36 39 12 21 43 35 45 23 25 24 31 33 9 28 34 10 49 25 24 43 18 9 15 7 9 40 26 1 50 22 44 50 
14 23 16 35 14 11 30 48 7 1 39 4 47 5 32 9 22 23 23 21 6 19 15 23 16 16 50 30 34 46 44 18 1 36 11 38 3 35 33 47 39 35 36 43 46 11 49 46 27 47 50 46 32 18 15 15 50 47 45 6 50 44 10 25 45 12 20 37 11 37 31 20 6 47 41 10 17 23 10 29 11 1 23 23 46 45 35 26 31 13 16 38 50 25 14 39 28 41 38 33 
25 38 31 7 42 41 4 46 35 34 7 39 11 19 38 33 37 3 50 11 47 11 45 27 13 37 42 28 38 9 6 4 49 24 16 39 49 14 3 24 38 37 32 23 33 10 12 36 30 1 8 36 32 41 43 17 44 37 8 31 10 31 17 40 28 40 2 22 12 4 32 25 13 11 46 43 21 20 29 7 17 38 32 29 29 24 11 34 23 9 36 6 38 13 46 34 1 4 44 36 
47 45 26 31 31 1 21 45 5 24 48 8 45 1 21 49 35 50 34 24 43 8 3 1 46 20 23 1 27 25 28 10 26 5 5 12 42 10 47 14 15 46 46 45 43 21 9 22 45 9 3 7 15 48 49 30 25 20 21 9 6 3 8 31 6 36 31 35 43 13 38 11 32 7 7 14 34 17 20 24 47 9 40 15 8 16 44 37 33 22 30 12 10 33 2 21 41 46 25 41 
47 49 36 38 16 45 40 11 2 20 13 1 43 30 20 25 2 34 28 16 22 48 50 3 19 44 1 38 21 45 32 24 18 43 23 37 6 16 12 14 41 30 34 33 11 44 47 17 21 47 3 1 5 12 39 47 18 37 15 5 21 9 20 6 23 39 23 17 50 18 46 9 9 40 27 10 42 45 11 50 34 8 50 24 22 4 50 41 33 3 24 22 19 8 13 33 35 8 9 20 
18 46 31 30 15 6 8 38 22 27 26 43 41 38 49 3 37 12 42 25 2 49 10 28 49 24 7 45 7 42 23 10 35 27 10 19 5 39 41 37 31 42 14 42 38 24 26 42 29 28 32 43 6 4 39 29 17 13 27 32 5 12 29 46 45 7 20 25 39 25 16 13 50 35 48 32 19 15 41 31 22 42 49 2 22 23 48 5 39 11 18 21 5 48 27 45 46 14 17 36 
8 27 47 50 19 14 38 19 6 34 16 9 6 42 4 15 49 37 10 27 42 45 8 23 39 49 9 5 26 43 48 3 3 20 13 38 22 16 3 43 21 3 8 48 46 24 6 15 28 33 47 38 11 19 39 34 30 10 40 40 37 3 50 29 19 1 22 2 5 25 20 42 28 15 7 40 34 20 29 46 35 38 8 2 22 32 38 40 12 28 4 18 38 30 20 18 3 32 18 4 
27 22 38 28 20 42 27 34 30 47 46 6 46 46 8 37 31 42 17 27 23 36 29 42 26 27 39 42 5 15 1 40 4 3 6 49 22 33 50 5 43 7 50 42 10 22 45 24 10 22 27 31 12 39 3 25 39 29 21 48 49 37 5 27 22 1 6 42 9 28 32 29 47 11 46 38 18 24 34 31 13 32 17 18 8 6 42 15 37 6 37 43 32 9 31 20 46 33 15 28 
13 42 21 38 46 11 33 49 33 39 4 26 21 3 17 35 34 6 5 40 8 13 26 29 30 18 45 29 8 13 28 42 43 45 50 36 28 10 49 36 20 35 37 50 37 48 8 40 21 40 20 1 14 12 9 1 25 31 15 6 27 31 36 10 38 26 27 40 45 10 15 47 3 39 37 34 27 43 35 26 37 31 43 19 40 27 49 2 1 8 31 35 15 33 21 20 41 35 4 37 
4 2 38 39 33 20 22 22 15 36 47 40 17 40 50 48 46 5 26 42 17 1 4 5 24 9 42 23 46 21 43 11 34 5 17 8 23 1 30 34 9 49 19 24 29 23 35 34 34 44 41 21 28 47 48 17 4 41 27 35 13 5 16 36 45 21 41 9 27 27 34 35 43 50 27 41 16 29 1 39 45 41 25 16 43 18 50 37 29 13 48 17 28 32 46 37 31 8 18 18 
20 17 16 17 40 30 42 18 43 8 28 14 27 24 21 28 42 11 11 23 24 19 17 18 14 21 31 34 14 10 29 12 7 12 2 50 48 20 8 27 16 13 3 36 49 17 30 31 14 26 35 2 44 33 48 32 35 29 19 33 18 21 49 8 10 7 26 17 1 20 19 42 45 46 31 45 11 18 28 40 10 16 24 41 35 48 50 20 7 41 2 2 46 25 37 50 30 39 13 31 
48 39 24 28 38 12 41 45 25 9 40 34 22 15 43 22 26 3 47 2 1 42 18 11 35 46 38 43 2 13 25 2 43 28 8 34 43 7 36 43 24 5 45 39 21 44 32 5 2 38 50 7 4 31 32 38 14 28 48 17 22 10 41 6 32 5 33 16 9 33 40 33 46 50 28 21 10 10 19 32 16 36 30 1 21 28 4 2 41 45 24 30 1 1 30 14 34 33 32 26 
9 15 14 27 7 31 22 39 21 20 8 48 34 49 42 21 34 36 45 3 38 24 42 9 14 43 33 3 7 34 22 35 20 25 10 13 27 30 46 4 37 37 11 44 10 2 26 22 50 41 22 47 3 20 32 45 17 30 27 39 35 5 18 32 20 49 26 7 20 23 18 2 31 48 39 4 48 39 47 2 16 46 40 18 33 29 38 47 45 21 26 38 33 32 17 11 42 42 9 47 
21 8 47 32 27 42 4 20 5 37 30 40 12 33 16 41 17 44 16 9 49 18 11 39 29 34 34 21 1 13 31 37 21 44 8 32 14 34 25 9 2 22 50 30 9 15 42 5 32 29 35 19 13 44 2 34 5 27 7 3 17 10 29 43 19 35 28 44 11 41 43 11 4 2 8 20 18 38 37 50 18 19 3 28 34 49 35 31 21 13 5 13 1 12 31 39 1 28 46 12 
3 30 41 26 11 37 19 21 2 48 37 25 11 24 23 33 9 16 24 27 14 22 45 1 32 11 9 33 41 42 22 10 50 50 30 45 36 5 37 22 11 50 23 30 41 45 12 7 34 6 18 40 45 50 32 44 49 44 1 19 43 23 43 18 1 40 24 7 20 26 41 38 45 26 41 47 45 14 36 20 42 8 21 18 50 43 37 37 46 32 16 10 2 33 6 8 49 15 38 2 
29 44 44 3 47 42 46 23 45 35 26 12 18 7 21 17 32 25 18 28 4 6 8 14 39 48 10 46 30 41 46 8 45 27 31 9 7 45 13 46 49 12 18 18 47 20 6 35 48 22 14 20 46 36 28 23 23 4 26 44 9 25 26 22 12 3 15 15 11 4 2 49 2 11 32 15 36 8 30 16 45 31 30 2 48 11 14 46 12 1 17 37 16 4 31 17 6 35 26 28 
35 7 43 50 12 10 25 7 35 34 26 37 44 30 11 20 25 16 32 26 30 7 35 47 18 49 17 3 8 17 3 39 44 44 34 21 45 5 20 20 10 17 6 26 22 48 42 8 5 8 23 29 13 50 43 33 2 50 9 2 18 18 27 38 43 18 49 21 17 24 17 13 26 31 7 37 22 13 49 17 39 43 43 17 34 44 36 26 19 42 2 41 15 46 23 37 17 3 15 17 
33 22 43 31 36 29 44 26 42 10 13 8 6 39 16 8 19 22 28 36 10 47 46 6 27 50 22 7 32 21 38 33 45 19 7 12 25 33 36 22 32 19 43 27 45 11 24 9 12 11 38 25 35 4 47 47 22 12 27 31 29 29 24 23 27 18 4 23 6 2 50 50 32 17 18 9 33 29 9 41 4 47 46 22 35 30 32 21 31 3 48 35 21 21 23 6 20 37 3 17 
25 46 20 16 4 5 19 15 36 47 23 30 5 17 47 14 5 2 5 13 12 48 30 19 28 22 16 26 24 38 33 14 31 26 25 13 15 5 49 37 16 11 22 4 17 43 13 37 29 31 32 13 49 1 36 8 31 30 9 22 38 50 40 5 24 12 1 17 12 26 32 43 8 31 23 36 24 38 22 26 43 7 7 5 14 15 7 29 11 22 29 31 14 19 39 20 39 17 10 46 
44 1 15 42 45 48 6 7 17 32 5 36 16 23 2 19 7 45 2 36 41 24 43 42 42 12 11 27 27 39 36 43 41 40 19 25 12 36 9 23 33 28 4 5 40 43 1 4 19 25 45 20 27 35 2 35 32 2 31 4 28 21 49 49 17 13 21 48 44 29 41 24 34 40 44 45 1 26 14 45 43 39 21 16 5 16 21 30 20 33 6 15 8 34 40 34 42 50 34 28 
7 22 35 24 16 50 47 31 1 3 16 20 11 24 11 46 17 48 42 9 43 7 31 44 23 29 19 12 41 5 46 27 12 29 47 28 27 46 24 42 21 23 43 39 11 39 32 6 20 36 6 4 14 10 20 8 39 43 42 30 19 47 30 13 26 47 20 41 39 42 16 38 26 24 29 19 7 48 31 43 14 29 45 8 29 30 24 25 18 41 1 30 27 19 45 40 15 8 38 47 
22 8 25 22 13 43 21 13 7 4 2 18 33 18 19 43 28 19 24 40 8 12 43 42 1 25 26 18 14 39 40 22 9 44 48 19 12 11 43 2 14 34 38 17 32 18 37 20 29 35 2 24 17 35 44 45 19 20 50 15 4 10 20 31 43 28 30 15 4 3 5 43 7 12 42 3 28 26 31 45 20 31 50 45 35 13 14 8 19 41 48 14 9 38 47 11 36 28 24 14 
22 49 41 3 1 43 23 49 31 44 42 4 20 24 33 20 24 34 17 3 16 46 42 26 37 38 20 24 24 8 45 35 48 11 41 20 10 5 2 27 44 3 25 18 45 24 27 16 24 23 15 46 44 22 33 12 9 29 37 2 25 1 5 41 3 18 41 9 20 1 5 17 30 1 18 15 20 16 27 7 25 2 32 11 33 23 44 46 17 20 2 13 13 3 1 4 36 37 17 12 
11 17 13 34 12 11 15 20 7 23 46 25 39 20 20 21 38 27 43 44 35 20 46 20 23 13 26 9 34 1 7 21 2 44 7 19 1 37 15 14 46 23 32 41 12 47 32 15 45 50 3 39 42 18 34 18 20 27 1 36 17 43 4 2 8 40 6 42 33 34 30 13 26 37 24 22 28 42 20 33 14 48 44 10 11 49 40 43 26 34 17 25 19 37 45 46 20 35 5 24 
1 2 46 21 50 21 33 14 22 31 40 41 17 31 11 9 14 12 11 25 37 50 39 40 26 29 25 22 2 43 25 31 41 23 17 38 31 29 44 29 44 14 7 10 25 45 40 14 14 30 35 16 3 35 50 39 49 6 42 48 40 40 28 19 6 18 5 49 42 46 14 30 44 8 21 45 31 32 15 50 15 34 9 47 50 25 26 18 38 29 31 15 40 44 27 14 9 17 42 35 
42 22 36 6 33 15 21 14 40 8 35 46 20 48 19 29 27 41 12 5 41 7 24 49 14 7 33 35 46 44 8 34 6 32 35 10 34 47 50 25 36 1 8 22 48 31 42 20 14 46 35 2 13 42 41 46 31 15 23 5 34 36 14 46 33 44 45 20 18 2 48 10 7 29 37 45 25 13 37 32 29 42 13 21 11 19 24 13 20 32 26 17 28 22 8 37 46 48 17 28 
49 48 3 50 1 34 24 32 28 27 14 14 11 27 1 29 26 50 39 32 7 30 38 10 19 12 28 18 47 14 48 41 31 38 40 4 5 40 39 49 34 45 49 25 6 11 31 12 34 41 20 20 16 2 8 26 47 30 43 4 32 46 46 12 28 8 3 44 44 31 43 28 2 2 19 33 12 16 39 41 44 23 38 32 25 42 43 18 35 1 43 19 31 11 30 38 15 36 40 32 
37 6 18 34 43 43 28 40 32 47 50 39 3 42 21 30 50 35 38 38 22 37 33 47 10 27 38 37 8 33 29 47 2 39 17 18 19 31 30 5 14 47 27 40 23 12 17 14 6 3 34 25 32 6 13 23 29 29 39 43 26 28 36 20 3 31 18 46 50 47 5 26 10 18 34 10 13 32 39 28 7 11 40 20 2 37 1 24 34 21 7 9 35 44 43 15 44 17 44 23 
19 46 45 21 19 39 37 22 12 27 46 3 49 21 34 43 13 8 39 48 38 25 32 21 20 23 50 4 9 43 32 15 21 45 34 35 5 28 36 11 39 16 46 1 33 23 37 42 9 32 42 43 47 20 9 36 42 28 26 7 7 24 28 27 33 41 20 27 50 18 50 3 26 12 44 24 5 5 4 46 27 5 22 21 25 4 2 25 17 7 15 15 37 15 23 44 28 39 8 43 
15 29 36 49 45 2 10 30 4 42 48 46 18 32 30 23 41 30 46 26 42 38 21 21 40 48 26 10 40 12 38 9 2 44 12 18 29 45 44 35 12 41 18 23 24 29 44 32 13 37 9 24 28 16 1 15 10 11 12 22 33 37 16 16 31 25 48 48 42 33 45 33 31 38 36 25 44 25 44 18 3 49 15 43 34 37 48 45 19 16 22 18 46 42 10 46 41 4 24 25 
26 31 13 39 45 19 1 24 17 3 31 33 22 13 15 32 30 23 12 17 39 13 33 26 45 46 20 44 30 1 15 28 17 9 17 29 4 21 34 11 32 50 19 2 10 18 5 31 21 33 30 16 7 8 15 19 24 5 27 22 16 18 22 42 21 34 6 1 23 27 24 47 13 33 36 12 25 46 10 23 26 32 34 45 26 21 43 8 43 40 33 40 23 1 43 21 20 12 7 2 
22 37 18 40 19 27 40 27 2 37 16 37 29 29 19 2 41 37 9 3 5 37 34 17 48 50 40 18 38 46 45 16 42 15 18 20 43 1 5 19 19 6 10 31 49 33 1 20 22 3 5 27 7 23 32 43 9 37 34 20 19 34 2 1 5 37 5 7 3 23 9 26 38 44 17 8 11 34 9 43 33 33 19 19 46 9 6 27 10 50 19 39 1 38 3 13 1 2 46 5 
32 17 42 17 6 21 1 36 33 31 34 11 10 36 26 7 2 18 16 44 50 35 28 25 12 37 38 24 11 46 6 10 30 50 23 39 11 45 11 5 44 50 30 43 20 8 5 26 4 22 41 40 37 34 38 27 32 11 17 6 9 14 46 43 46 46 48 22 33 14 34 42 1 20 25 27 37 12 9 44 45 17 24 29 3 31 17 20 43 6 6 39 9 50 40 26 35 3 19 6 
18 37 9 14 2 8 32 42 39 8 43 29 21 12 20 25 37 47 10 30 7 19 38 10 33 29 19 2 32 34 16 44 9 23 29 38 18 39 46 4 27 19 14 43 17 42 34 3 27 30 22 40 8 27 25 50 30 5 26 40 10 43 19 12 2 40 16 28 24 19 25 39 11 3 25 6 24 12 24 36 25 19 30 36 22 40 23 16 44 28 6 44 5 3 45 46 9 7 41 46 
40 27 6 26 31 14 42 48 46 11 49 22 30 28 15 20 42 26 18 39 19 40 12 33 19 45 2 47 45 2 38 47 19 38 11 28 33 18 18 44 38 39 15 31 8 12 44 38 33 30 2 40 32 17 43 32 45 12 50 4 18 37 47 20 50 39 47 27 20 33 18 3 45 28 24 1 43 7 34 48 41 12 18 7 3 35 39 37 25 18 31 39 45 24 34 28 8 41 12 7 
37 45 31 16 9 23 28 43 43 49 27 32 43 22 9 27 13 12 15 38 19 25 13 4 22 37 41 1 28 33 27 45 9 38 2 5 27 33 30 50 13 20 28 26 35 47 17 42 16 8 6 12 7 24 39 32 27 16 5 9 2 22 31 35 14 2 9 32 44 23 32 24 3 20 20 46 14 47 11 10 39 25 45 26 10 40 7 14 10 49 32 5 16 23 16 38 20 49 37 44 
17 7 46 28 43 15 35 2 19 11 39 36 1 19 49 14 45 24 39 38 33 4 21 40 21 37 46 8 45 13 15 39 3 38 42 48 50 7 44 23 35 7 18 50 29 24 6 20 45 39 37 8 45 43 29 50 16 25 32 29 38 19 50 31 34 49 8 44 6 46 21 9 21 46 20 21 5 29 41 47 6 23 33 9 34 26 27 21 40 22 4 2 40 3 49 8 24 35 3 27 
32 4 8 17 7 34 50 15 41 6 3 28 11 40 22 25 49 13 8 12 17 39 8 34 46 38 20 11 32 2 22 29 12 25 21 26 1 4 9 24 2 20 35 14 27 31 44 42 28 42 4 20 48 21 30 21 8 44 12 42 33 44 39 35 32 15 40 2 30 29 49 50 36 21 48 27 18 19 25 3 45 5 12 41 30 30 32 35 4 44 42 13 8 22 37 23 46 1 2 31 
29 8 24 21 23 50 41 33 3 47 3 38 23 14 1 34 7 29 8 13 18 24 47 50 41 7 47 3 34 10 27 48 19 38 29 34 24 19 18 9 15 45 50 21 10 46 8 26 40 14 14 41 12 33 40 46 25 8 33 22 15 38 38 42 33 20 14 10 45 29 8 18 6 42 10 32 22 45 10 21 32 32 7 43 43 28 30 30 39 2 30 15 8 36 22 3 25 33 29 6 
50 7 16 2 47 14 50 5 49 42 13 44 4 37 35 22 20 11 42 21 31 5 23 32 7 30 38 2 38 42 6 47 47 49 5 27 47 11 36 22 28 31 34 45 36 40 38 37 36 24 22 9 10 11 12 37 41 4 7 44 3 48 19 17 24 21 38 25 44 20 4 48 25 33 10 50 43 22 43 6 49 23 19 10 11 15 17 1 13 34 1 31 36 1 34 2 36 7 43 10 
17 33 14 29 48 28 32 41 36 2 9 29 11 16 6 10 7 26 50 26 50 23 23 29 27 48 30 25 24 45 15 2 43 18 42 45 2 14 7 4 11 26 42 35 42 25 41 17 46 9 37 39 12 31 22 47 15 17 13 6 12 31 27 30 33 6 21 49 29 19 7 17 15 44 1 20 47 18 7 19 38 38 25 34 39 15 11 30 26 31 49 21 48 21 16 35 11 2 5 23 
49 21 37 31 50 17 36 36 49 4 41 43 20 32 12 27 17 21 15 44 36 34 46 38 20 48 47 46 43 25 36 39 34 10 42 2 49 32 48 19 29 18 44 15 10 13 14 9 31 23 21 4 25 21 6 50 2 45 46 29 45 6 38 8 17 24 33 19 45 47 7 49 11 6 35 32 6 28 33 17 37 11 1 25 45 36 14 46 1 30 12 44 42 39 3 35 5 37 49 29 
6 32 50 16 43 35 33 21 2 17 31 1 13 44 14 7 10 4 4 8 22 38 40 9 12 8 28 43 14 33 50 14 10 12 42 30 23 36 25 24 12 25 3 9 46 40 47 16 38 27 18 7 16 27 21 7 27 12 11 29 12 21 29 3 46 32 15 43 28 7 17 9 26 11 3 6 34 26 6 41 33 38 34 39 31 26 28 23 18 3 23 17 45 22 17 41 6 41 19 3 
28 27 36 15 38 24 19 32 24 34 39 31 23 12 38 34 19 7 7 26 14 45 31 5 41 40 5 6 38 41 47 32 5 16 41 21 30 1 45 39 22 12 5 30 16 16 18 17 50 43 3 8 42 27 44 5 31 12 46 16 3 45 24 30 18 44 44 40 34 27 11 46 41 15 42 39 24 39 3 47 49 50 43 29 23 29 19 31 25 39 1 40 38 31 24 48 5 17 2 4 
32 5 12 48 14 19 9 6 16 2 13 10 17 18 18 41 21 14 28 28 17 5 43 49 31 20 2 44 48 34 49 7 42 44 38 39 34 23 43 19 22 38 22 14 41 13 11 22 34 27 40 36 42 11 2 17 35 14 46 18 15 19 8 2 44 33 45 27 43 10 28 10 18 21 22 26 27 17 21 26 47 41 17 21 10 15 45 31 9 20 1 49 15 15 5 2 34 34 49 17 
15 4 43 9 23 4 35 38 37 6 29 50 23 44 30 22 37 17 15 17 49 13 5 43 39 50 42 21 36 34 50 43 49 38 12 38 22 9 14 24 31 4 31 12 47 4 25 12 18 15 16 7 28 44 7 18 46 35 36 49 17 3 15 17 11 11 27 17 37 25 11 31 21 27 50 11 16 14 9 1 35 17 33 7 3 46 44 50 12 14 11 44 31 36 14 22 35 5 40 30 
49 49 32 20 42 1 1 20 42 49 1 21 10 33 2 47 49 24 48 17 49 50 50 50 4 11 8 21 14 6 21 7 5 50 27 29 11 18 6 37 36 22 7 9 40 7 43 15 45 39 5 33 41 23 21 13 1 27 24 12 3 20 27 49 16 28 20 30 18 30 12 15 3 16 23 5 33 43 46 34 11 42 12 45 23 3 48 4 43 4 7 5 31 43 40 34 13 24 46 28 
9 20 44 34 35 13 3 1 29 17 9 43 1 38 21 25 46 38 4 34 34 25 44 37 43 37 33 21 20 47 3 45 38 46 15 20 47 45 37 36 46 25 31 17 10 1 30 17 49 23 43 29 9 36 9 14 22 50 31 5 1 40 14 37 21 49 34 45 22 5 38 35 11 29 48 50 21 31 29 16 20 22 28 19 43 24 3 33 35 47 7 2 23 20 16 1 7 5 6 23 
