10 10
24 32 36 23 49 17 24 17 20 42 
42 20 17 24 17 49 23 36 32 24 
18 41 40 13 26 12 46 36 36 36 
50 30 4 48 26 1 37 20 30 17 
17 8 35 12 19 48 5 29 7 33 
33 46 7 37 21 19 26 22 36 20 
50 1 3 16 47 24 41 28 34 40 
10 28 16 39 33 44 28 25 46 20 
19 49 27 41 36 10 17 44 22 12 
26 31 15 29 18 33 33 9 1 48 
29 7 35 38 8 5 5 19 7 27 
15 39 24 28 7 20 45 29 43 50 
19 20 44 15 27 10 25 31 3 5 
4 40 8 4 14 18 15 22 33 25 
38 15 7 50 29 30 24 37 14 15 
24 24 22 29 20 42 10 13 49 42 
46 2 15 47 29 15 15 17 44 26 
5 21 43 24 4 49 34 3 48 20 
46 35 10 41 22 41 27 4 22 21 
29 1 13 10 50 32 25 31 24 9 
11 25 22 35 22 36 7 43 4 32 
29 50 22 17 48 8 2 16 3 16 
