70 70
17 38 10 35 34 50 29 29 39 4 36 35 46 5 33 2 50 29 12 47 13 44 27 20 24 44 37 35 44 5 22 21 37 13 10 22 26 20 35 30 40 29 46 6 45 17 2 42 20 47 5 14 15 16 8 25 20 26 16 47 6 48 31 50 13 31 32 7 47 40 
40 47 7 32 31 13 50 31 48 6 47 16 26 20 25 8 16 15 14 5 47 20 42 2 17 45 6 46 29 40 30 35 20 26 22 10 13 37 21 22 5 44 35 37 44 24 20 27 44 13 47 12 29 50 2 33 5 46 35 36 4 39 29 29 50 34 35 10 38 17 
38 2 10 44 30 11 23 50 50 9 29 9 43 2 18 33 7 22 36 8 8 7 12 29 16 3 47 38 25 16 25 13 33 49 11 25 3 19 48 7 48 19 31 7 2 26 24 10 27 3 44 31 20 19 8 47 23 2 30 42 8 5 16 34 18 39 48 48 39 8 
33 28 30 49 34 49 47 31 12 2 12 20 10 38 29 33 47 39 47 29 31 15 25 37 30 10 41 41 48 18 1 30 39 10 11 42 2 39 17 1 39 23 10 46 16 37 42 18 21 18 12 49 38 45 43 46 17 40 24 41 36 32 28 1 14 45 45 42 49 11 
6 37 42 8 16 8 42 45 3 23 44 43 16 34 35 6 9 5 9 13 34 25 6 22 25 1 29 46 25 47 50 45 43 34 23 46 2 29 45 27 1 44 1 21 2 1 22 44 7 39 38 34 17 2 48 35 41 40 39 33 5 24 22 13 49 10 43 48 16 34 
12 5 29 24 31 13 26 34 9 18 29 34 18 46 45 35 46 22 13 17 34 45 48 18 1 5 3 23 43 44 32 14 2 12 24 28 12 3 49 23 39 25 38 43 19 47 38 16 11 17 23 21 38 39 45 29 43 17 36 18 27 10 8 13 23 8 41 44 49 14 
38 3 46 15 42 47 43 42 8 41 15 13 14 11 22 38 30 37 28 38 16 44 10 21 6 12 43 12 20 36 11 20 41 38 9 39 22 42 28 45 15 42 20 30 7 33 32 31 35 32 34 38 44 39 45 44 16 43 22 34 10 23 17 26 50 9 40 4 13 2 
32 29 9 12 3 32 2 39 34 21 13 19 42 4 11 16 7 44 36 4 3 15 46 16 20 42 12 19 31 40 33 16 41 44 13 28 24 43 4 16 45 15 45 45 13 50 28 1 4 40 9 33 11 27 3 23 42 47 21 28 7 36 33 31 19 5 11 46 1 43 
3 15 16 26 19 26 5 35 18 2 48 26 20 19 3 32 18 29 46 33 3 2 49 36 30 45 29 8 23 4 18 32 16 38 47 9 32 40 42 33 30 13 49 28 4 41 43 50 2 22 46 42 30 17 8 4 9 38 41 45 24 21 40 26 37 17 17 7 20 45 
48 12 13 4 36 33 41 49 15 25 1 8 7 29 36 10 17 49 23 13 15 43 24 20 10 41 4 15 44 41 24 16 21 50 11 41 15 20 42 34 17 19 2 25 4 24 21 26 5 19 47 15 24 36 8 3 17 45 16 3 33 43 10 8 14 20 27 42 42 38 
13 42 43 44 38 30 31 11 17 45 5 49 44 23 41 28 11 32 29 34 23 25 7 48 39 3 17 9 44 21 20 45 38 5 44 6 50 44 5 23 37 15 16 43 16 11 31 37 15 11 6 18 14 34 36 34 42 47 48 9 22 16 44 2 17 38 21 25 23 32 
21 37 21 30 9 41 40 33 46 13 32 7 20 37 19 49 27 46 41 3 32 32 12 46 47 15 16 47 10 35 7 25 4 41 49 43 22 33 17 30 24 15 13 45 18 45 34 14 45 40 28 6 7 14 26 11 27 2 19 45 3 11 47 23 18 1 22 29 37 9 
21 1 3 49 24 21 31 20 34 5 19 5 30 16 49 29 34 18 23 28 37 45 26 3 32 7 14 2 2 42 10 50 11 21 30 37 21 47 28 19 13 43 32 6 1 3 37 44 25 44 42 39 28 45 45 14 49 23 41 38 18 12 29 46 27 40 33 48 36 14 
23 2 30 15 6 46 31 6 33 40 32 47 12 15 22 43 15 12 9 26 33 23 28 46 16 26 20 48 39 41 37 43 16 16 11 35 17 12 42 25 3 27 27 31 44 49 46 1 32 16 47 41 31 8 14 5 25 10 48 32 16 37 50 44 45 18 21 26 50 37 
2 50 50 2 32 33 23 16 31 42 26 18 47 42 10 5 12 43 25 4 25 14 43 40 7 21 18 36 33 40 38 38 15 16 36 25 37 14 14 19 37 28 16 4 46 47 8 31 35 28 12 33 16 19 21 1 11 24 10 45 19 38 48 20 1 38 37 45 11 2 
31 5 29 41 16 28 45 25 44 10 33 16 44 23 47 50 48 22 30 10 40 24 50 31 37 26 21 38 48 8 39 10 26 31 17 33 23 47 5 25 45 35 37 12 20 9 5 43 43 5 34 50 1 49 47 5 7 29 19 36 5 43 17 45 6 36 41 30 25 24 
15 6 27 36 3 27 38 40 14 7 41 33 46 26 35 20 49 17 46 26 1 45 48 34 39 49 49 12 38 10 18 15 25 14 3 24 31 27 28 16 38 2 15 12 9 8 14 27 49 37 3 41 21 21 36 43 49 30 15 48 32 34 28 46 16 31 20 26 32 36 
17 30 18 31 41 44 25 34 42 24 24 45 46 43 21 17 27 50 34 9 34 42 12 50 41 16 23 38 21 1 30 11 1 35 28 18 22 36 23 41 40 35 34 28 25 18 8 11 43 25 45 29 16 27 43 44 2 32 7 46 24 2 1 47 44 43 21 34 29 15 
21 8 41 16 44 37 42 33 6 7 8 12 30 28 37 31 12 21 49 44 17 31 34 6 1 28 23 46 49 22 28 30 48 19 2 6 22 34 32 42 29 28 15 17 37 3 49 1 46 33 41 26 7 19 22 10 40 22 6 33 13 24 26 42 42 19 9 32 36 20 
28 48 35 40 10 40 27 7 34 49 21 40 10 46 6 34 38 22 26 25 39 29 46 47 20 13 48 30 30 46 40 26 1 22 11 2 35 23 14 38 44 19 2 6 48 49 17 8 31 30 29 38 45 14 8 21 48 32 21 38 5 23 19 40 47 3 13 49 7 24 
13 4 29 38 17 37 36 45 39 37 23 29 36 6 34 24 44 30 7 39 17 30 45 37 8 33 9 5 12 9 8 23 9 22 31 10 48 3 34 23 9 4 17 43 5 25 50 45 31 7 4 37 20 26 10 3 6 15 34 30 37 2 26 8 34 11 32 13 33 2 
48 29 25 13 22 36 44 25 45 10 34 45 45 43 31 11 8 1 16 28 20 15 17 14 4 22 31 5 46 6 21 11 24 22 28 13 19 9 39 9 16 2 24 5 41 48 31 21 20 36 23 16 42 43 37 2 36 7 7 19 45 40 32 19 33 50 17 41 23 24 
8 29 5 43 41 15 11 40 10 22 22 26 14 7 33 31 17 3 6 12 27 33 43 19 26 3 35 29 43 43 2 22 10 13 12 24 16 19 1 6 29 5 16 1 29 9 21 50 26 37 9 31 6 21 11 21 33 44 36 35 1 48 36 32 35 26 38 11 45 22 
44 39 30 9 6 17 35 33 43 6 24 24 35 15 41 9 38 29 35 21 13 46 34 7 42 5 17 31 15 22 14 35 47 22 28 16 47 6 13 6 6 1 11 12 46 18 19 13 36 49 7 4 36 10 6 12 24 37 20 2 30 45 33 7 3 24 27 22 26 34 
2 45 20 16 33 50 14 14 46 33 42 1 24 30 26 37 18 17 2 38 20 9 45 2 30 28 49 12 50 40 6 39 45 28 32 24 21 29 8 35 41 3 6 10 46 13 23 43 19 35 8 19 24 17 46 47 28 40 31 39 28 18 45 21 14 25 39 12 15 21 
30 9 37 45 27 44 4 47 30 10 8 33 9 37 26 29 35 48 3 44 29 38 37 41 41 36 34 29 44 42 43 31 12 40 12 47 30 18 10 39 40 42 12 21 16 3 44 1 22 25 26 1 32 44 23 49 24 24 6 38 36 33 43 1 11 42 31 40 40 42 
33 1 44 37 15 29 40 2 18 29 40 8 14 35 21 24 23 38 15 32 15 44 31 48 15 17 47 47 48 36 42 41 35 44 36 16 42 18 11 12 12 10 13 49 46 26 15 33 31 37 3 40 32 27 17 38 20 38 21 21 37 30 40 5 17 46 32 9 28 49 
30 13 49 12 18 14 13 9 4 26 9 1 39 35 31 38 21 27 1 8 39 28 32 7 10 13 12 29 41 47 4 21 28 24 33 15 13 19 45 15 3 4 47 40 17 15 13 13 32 49 22 46 5 8 33 1 39 10 46 45 5 22 1 20 29 18 6 30 36 50 
19 48 17 9 5 14 1 5 41 8 33 25 4 32 37 44 33 42 18 33 47 42 36 37 44 46 6 4 18 25 18 33 42 45 42 2 19 8 13 11 48 23 10 2 6 46 15 33 8 27 12 37 26 7 27 28 45 28 40 50 33 24 9 27 25 27 31 45 33 34 
31 14 29 35 48 33 12 23 12 17 23 23 46 47 39 11 2 44 43 3 17 41 45 39 21 28 11 8 31 21 38 8 38 33 23 29 16 13 25 10 37 5 9 16 12 34 38 45 45 32 49 47 48 23 7 38 34 35 18 49 41 34 50 37 5 40 35 48 40 40 
44 29 20 3 11 43 33 31 5 20 22 14 16 40 16 42 19 17 15 36 23 2 19 25 31 12 27 23 19 26 7 8 17 40 22 45 24 49 10 17 50 38 23 12 47 42 33 49 41 25 12 2 9 7 48 7 18 47 20 50 42 41 14 36 14 32 16 21 44 36 
29 44 23 13 3 36 4 9 42 10 3 50 49 45 15 40 3 13 26 8 22 11 27 9 2 21 39 37 1 22 40 44 36 29 33 20 41 10 8 29 26 47 45 42 47 7 32 41 38 19 9 10 47 26 32 36 21 34 50 32 45 10 19 22 28 38 2 47 49 40 
50 11 6 5 6 42 8 30 14 14 50 23 20 1 28 31 32 30 33 33 26 37 44 18 50 27 29 46 14 6 1 8 37 2 46 27 42 34 2 24 42 8 39 48 47 3 16 25 50 4 15 27 39 50 32 34 50 5 5 29 37 25 5 47 34 3 2 40 37 16 
45 29 29 37 24 19 19 46 10 45 17 40 27 2 17 26 40 38 48 17 22 24 23 21 7 2 27 20 30 45 5 39 16 5 46 28 24 48 32 18 46 15 28 9 45 45 24 26 6 6 4 46 12 39 3 25 22 29 3 17 27 30 20 20 46 14 44 26 27 23 
37 39 28 46 14 32 37 40 28 48 42 41 1 26 11 27 3 33 5 13 49 46 43 41 3 12 33 48 25 33 35 15 17 13 6 29 24 13 37 6 18 50 5 29 2 27 3 44 45 48 7 36 38 30 20 7 26 12 17 38 34 14 49 29 6 10 1 44 20 48 
47 46 42 33 11 33 23 10 4 41 37 16 14 15 23 24 43 28 18 10 6 11 34 26 19 40 2 12 19 20 29 28 15 11 22 37 21 39 26 18 46 33 35 35 18 32 14 29 45 40 6 36 36 23 48 19 45 48 42 45 28 45 50 50 23 16 32 36 45 17 
20 5 35 41 45 18 13 36 24 37 49 10 47 16 42 49 7 7 32 34 39 27 5 27 31 15 49 46 22 37 42 16 43 50 25 32 48 30 48 45 36 32 16 32 48 30 28 42 38 23 7 8 45 5 16 24 7 5 9 14 7 45 41 22 42 49 21 17 22 31 
40 9 47 6 46 37 13 17 26 4 26 20 36 47 43 45 49 17 38 44 1 15 33 28 21 14 38 6 29 47 33 27 34 30 30 45 13 16 45 31 9 26 11 24 4 25 35 23 30 18 15 27 33 40 12 42 2 23 45 39 3 26 15 45 42 44 24 31 24 4 
36 14 7 22 2 38 36 39 28 18 22 32 22 27 19 21 10 2 32 39 14 30 26 7 26 9 22 47 46 9 6 15 21 3 12 22 44 30 42 24 18 50 4 23 19 42 39 33 13 30 28 31 33 29 41 34 43 41 24 3 14 9 4 21 8 45 31 14 25 36 
5 11 2 23 29 48 19 8 26 8 28 38 20 2 2 44 30 28 38 10 48 40 25 12 19 29 18 30 6 24 10 40 26 31 9 15 49 21 36 1 24 17 3 27 42 8 29 19 16 48 33 11 3 8 4 47 7 2 16 46 9 42 13 20 36 3 7 26 6 41 
43 3 9 34 19 2 41 27 30 12 42 37 40 44 32 49 35 34 19 9 2 6 35 16 20 22 44 24 16 10 2 42 36 18 30 18 21 19 10 25 2 24 5 39 29 49 39 27 15 14 48 5 12 38 28 18 37 3 6 49 3 26 32 24 13 39 38 27 14 12 
18 30 13 1 10 11 35 33 28 13 13 25 10 16 30 48 14 12 14 50 50 3 40 24 7 25 11 17 13 48 37 18 38 48 12 32 9 38 48 22 11 15 32 21 42 36 24 5 37 4 50 16 43 6 37 42 12 2 50 48 10 43 16 3 25 49 46 22 32 19 
19 10 48 48 13 22 41 38 27 32 46 30 29 25 30 12 38 43 35 1 43 34 14 41 40 48 18 28 4 7 4 35 15 42 30 26 39 6 9 29 9 29 42 42 32 13 14 28 43 17 12 19 16 39 6 35 17 7 10 44 17 47 29 43 11 29 37 36 35 5 
27 2 26 14 46 19 28 29 6 30 42 16 49 22 36 45 47 10 49 36 5 49 39 15 37 6 43 23 37 16 15 31 12 13 24 24 50 31 50 5 20 18 33 49 10 43 42 22 13 41 37 13 45 10 29 46 48 47 8 38 17 27 40 38 42 33 16 43 34 37 
35 18 27 26 43 29 36 36 10 43 49 15 25 2 30 7 6 6 11 39 44 13 39 2 49 40 46 19 12 46 8 19 19 41 15 39 32 16 16 35 47 50 45 35 34 16 40 2 33 16 1 17 40 12 43 41 11 6 41 34 19 15 21 16 33 8 3 17 48 50 
3 26 18 40 44 37 13 42 10 36 35 21 1 28 29 42 30 24 11 48 29 30 50 16 22 22 46 10 18 28 38 18 39 9 26 20 49 27 44 35 12 13 26 43 33 3 23 1 18 9 43 17 7 8 6 2 42 16 33 41 12 5 34 21 42 12 6 16 10 20 
23 43 34 44 19 30 16 25 3 15 3 28 42 5 32 8 6 40 1 35 15 4 3 33 39 43 38 35 13 31 48 4 27 9 17 31 17 17 47 44 24 49 28 45 21 27 30 43 48 38 11 15 44 45 13 15 21 26 38 20 2 4 22 31 46 27 39 24 17 33 
40 15 36 34 7 14 1 16 50 18 13 14 16 14 47 49 50 10 36 31 13 17 33 25 21 40 48 37 3 47 40 4 43 24 27 4 24 10 45 16 29 34 7 17 24 28 15 19 29 35 10 22 12 9 15 6 5 25 19 6 33 18 2 21 13 38 24 33 16 40 
29 32 38 26 46 23 22 31 17 29 3 31 42 13 29 15 39 10 25 19 23 35 15 27 42 49 18 29 10 14 39 10 24 34 12 44 13 7 48 25 36 32 43 1 34 15 14 11 37 6 36 13 2 44 41 2 25 34 8 42 9 13 23 37 17 49 27 9 32 13 
32 18 43 6 39 8 37 41 33 10 42 24 42 24 31 9 19 49 40 18 32 32 44 19 3 35 33 47 27 13 40 23 45 41 44 19 40 8 11 29 27 34 18 14 26 16 26 39 7 21 50 20 23 28 35 44 35 45 49 15 19 13 46 18 19 3 18 14 9 20 
22 15 2 42 27 49 31 29 47 42 35 4 16 21 33 5 5 20 9 37 25 18 36 38 36 20 37 48 12 14 33 4 27 7 44 30 45 46 5 20 6 8 2 47 35 7 49 28 8 40 27 6 50 10 31 5 40 4 19 31 33 50 36 15 20 40 42 5 2 27 
3 14 23 38 37 50 47 37 41 2 43 37 28 36 21 26 43 10 35 29 49 2 20 18 42 1 14 31 48 23 1 1 20 33 41 43 12 48 49 39 32 28 39 33 34 19 45 24 32 2 29 31 46 12 33 46 17 13 1 14 48 10 38 17 48 35 32 29 9 47 
42 7 5 43 2 10 49 29 47 12 6 8 30 40 10 35 25 50 30 27 49 37 6 40 2 11 48 15 14 24 31 16 26 19 4 10 4 19 18 10 34 13 42 29 28 14 29 34 1 38 9 37 44 17 37 47 50 25 25 12 49 5 22 32 34 39 18 8 36 38 
45 14 37 38 19 25 31 4 11 27 4 8 12 14 21 31 32 33 35 50 23 25 25 50 1 9 5 19 30 21 26 7 24 9 28 14 42 46 21 10 6 28 13 11 2 36 50 25 32 36 4 45 23 20 6 35 16 18 50 19 33 50 1 45 14 31 6 49 14 31 
24 35 35 29 47 29 22 31 48 39 49 26 37 48 18 28 1 31 39 8 14 13 17 19 15 35 47 2 2 1 15 23 31 50 31 46 28 35 28 36 24 29 21 5 29 8 27 9 38 23 41 19 20 43 13 27 28 49 15 10 24 9 20 23 12 10 44 7 35 24 
35 36 17 50 32 5 41 36 48 50 13 31 16 27 19 44 28 24 8 9 47 33 49 46 30 40 1 12 32 26 23 4 10 49 19 13 11 23 50 46 47 19 34 19 26 3 19 10 24 29 14 46 17 38 18 39 31 16 37 17 25 33 42 29 20 49 27 28 45 7 
29 26 30 15 11 42 37 2 5 40 28 3 5 34 37 19 16 46 36 41 38 29 9 22 13 30 44 43 41 5 15 38 16 25 14 19 47 28 2 42 16 23 5 33 5 19 30 21 20 17 40 12 7 2 11 9 2 50 34 23 3 3 7 12 10 34 13 34 4 12 
9 31 43 7 11 19 20 26 38 38 27 47 45 4 34 17 17 1 5 9 31 25 1 29 35 2 15 23 37 49 22 5 26 9 33 2 39 13 14 30 23 43 38 15 34 20 33 29 47 42 31 40 45 30 25 37 3 28 3 41 5 13 41 33 44 25 32 15 18 10 
41 23 34 16 39 17 40 26 24 26 30 7 47 48 25 42 24 29 15 27 32 3 14 43 29 6 35 33 13 19 40 13 34 13 23 42 33 1 9 9 38 8 32 28 15 31 6 24 2 1 28 4 28 35 29 8 1 38 45 24 9 22 2 16 13 21 42 42 5 26 
30 8 31 43 50 16 3 48 42 28 7 48 9 33 26 43 21 33 11 28 6 26 15 37 13 37 26 47 17 42 14 11 36 38 14 34 20 9 17 21 4 50 27 11 23 24 18 46 36 21 1 30 43 36 10 29 18 17 21 4 10 28 47 50 43 27 3 8 48 36 
32 10 35 41 8 28 48 39 21 5 1 7 7 2 31 24 48 10 5 47 8 8 22 18 48 32 46 33 12 25 36 36 29 43 6 15 41 33 40 14 40 14 24 28 15 43 7 22 2 38 7 42 46 17 8 46 36 32 50 43 32 1 2 43 30 46 29 34 28 9 
45 19 9 36 22 31 14 8 41 24 41 2 45 24 19 26 10 36 18 28 25 11 17 5 39 43 5 19 31 43 1 42 8 8 27 3 34 38 50 48 49 46 20 23 13 44 27 14 36 16 1 6 34 35 19 26 10 40 47 3 19 7 24 12 32 29 15 1 40 36 
33 40 15 8 18 13 18 38 38 15 4 3 10 21 28 17 16 4 27 38 50 4 25 17 15 4 20 18 26 40 36 7 3 46 10 4 23 11 43 13 40 49 4 22 37 30 32 1 12 29 45 27 42 3 30 14 22 5 32 42 21 24 34 17 20 50 29 2 16 30 
28 47 10 5 39 29 7 31 44 22 3 19 19 5 18 25 11 42 43 9 22 32 3 1 6 23 46 34 1 48 16 38 12 41 26 11 17 25 25 39 47 6 1 3 12 40 28 40 38 36 45 14 32 36 9 32 5 29 36 26 38 28 6 15 6 34 50 36 16 1 
40 37 32 41 13 38 36 16 25 37 30 26 12 29 27 21 19 36 38 39 18 39 4 28 17 2 24 9 14 38 25 35 25 3 49 8 21 30 9 34 7 3 10 9 10 20 27 21 12 28 16 42 36 29 5 40 33 32 37 21 50 29 40 26 4 35 21 8 11 35 
12 15 25 48 22 24 26 20 38 40 5 20 39 31 34 49 33 43 9 39 40 13 6 20 26 24 20 4 7 34 39 19 15 5 32 32 47 26 26 30 19 38 27 14 26 35 50 29 1 43 5 20 45 50 37 47 15 27 48 23 13 12 43 5 34 45 46 38 40 37 
20 15 20 20 21 3 26 21 3 29 30 15 37 5 39 49 33 41 49 19 29 22 40 37 24 12 33 47 22 29 49 50 20 16 31 14 47 32 13 32 33 30 8 8 7 40 3 17 24 37 43 50 10 48 7 48 50 42 4 6 50 21 9 22 44 48 8 5 2 45 
34 41 2 18 29 18 27 29 11 45 21 13 39 26 34 29 2 36 1 6 44 50 50 41 33 18 8 4 30 49 43 12 18 30 30 24 49 16 26 27 34 10 43 31 43 1 22 6 36 34 3 2 34 24 32 33 12 29 26 11 8 2 32 30 46 40 35 23 34 17 
16 9 37 26 12 37 47 3 8 10 8 49 6 28 34 26 36 27 20 46 39 30 27 24 24 46 48 49 43 40 21 3 34 44 1 44 3 46 33 26 27 5 7 27 37 45 36 20 7 21 22 28 5 17 15 50 37 30 32 26 19 4 20 18 39 5 15 26 50 9 
6 18 30 25 15 16 12 35 4 40 45 45 39 6 6 19 20 30 2 3 4 45 29 28 37 24 32 32 35 11 15 20 21 7 21 7 15 34 11 39 50 48 41 3 23 27 50 32 10 45 15 50 37 41 23 20 23 1 40 8 11 25 46 13 38 43 29 6 48 5 
12 14 1 4 22 20 29 48 5 8 8 41 9 25 1 24 47 30 46 19 19 33 38 29 20 42 9 38 29 12 12 28 9 9 4 6 5 31 2 24 28 2 35 32 9 12 6 32 31 10 12 32 28 36 7 33 25 4 4 31 18 50 16 6 13 3 31 40 7 15 
12 20 13 41 26 26 43 32 13 40 10 40 40 6 50 4 1 47 43 44 15 38 23 16 39 44 38 27 11 45 42 36 4 41 46 13 19 16 16 18 1 4 50 2 16 17 13 11 33 6 18 10 47 36 29 29 23 10 46 28 15 43 45 24 39 41 43 36 20 50 
29 28 37 30 27 48 50 30 42 25 25 39 40 22 44 40 33 28 29 39 1 37 16 37 33 2 3 15 42 5 35 13 31 25 38 11 9 15 25 3 1 11 33 1 36 9 50 28 11 19 40 33 41 29 48 17 30 12 21 9 34 50 18 40 17 37 2 34 28 33 
47 17 45 40 12 47 20 4 42 47 28 48 8 31 10 13 11 31 41 47 22 42 1 40 46 35 35 17 43 28 23 10 18 42 36 18 29 22 36 1 16 20 43 36 6 23 7 37 5 26 34 4 7 2 25 1 26 30 18 36 4 12 14 15 33 7 30 30 15 3 
34 34 40 43 15 18 21 50 50 17 5 42 16 17 34 2 22 3 41 39 9 12 4 36 39 8 10 26 24 13 9 50 24 50 49 16 5 29 17 48 37 31 33 40 31 19 46 7 38 31 13 6 1 10 44 31 30 41 35 29 36 33 3 41 16 23 27 11 33 15 
15 9 2 26 19 21 46 44 12 30 20 41 46 13 49 18 7 1 13 6 5 28 17 28 18 5 36 43 8 18 20 46 6 40 1 15 46 21 50 1 24 43 10 4 8 8 28 14 43 11 27 1 24 8 27 1 35 1 37 9 31 27 35 25 36 16 39 15 30 24 
45 12 44 8 48 31 42 7 7 47 7 36 26 32 6 1 36 31 14 14 27 48 12 40 45 11 8 2 36 23 19 36 20 34 13 16 6 22 35 14 32 4 4 42 7 42 21 26 19 34 4 50 36 28 9 14 5 24 31 27 28 10 42 15 36 40 11 16 36 17 
8 6 28 4 50 22 1 37 50 10 48 49 44 38 19 5 19 46 41 50 8 24 17 20 27 25 6 36 32 28 34 18 41 10 42 23 44 44 17 19 49 41 14 15 26 29 40 6 4 40 6 23 33 36 45 2 44 2 49 31 40 2 38 32 50 18 18 35 10 24 
34 22 46 40 11 26 19 18 24 9 8 37 43 3 40 27 13 10 4 36 21 3 19 35 23 41 13 1 17 5 35 15 26 15 14 21 42 20 18 46 17 46 6 10 41 10 33 45 47 16 23 13 37 16 43 50 41 5 27 26 7 30 34 40 30 49 25 6 22 20 
13 28 5 16 32 17 49 25 49 31 38 37 5 18 40 27 18 50 12 18 26 7 4 38 13 22 24 22 31 49 29 27 13 32 32 50 42 45 13 38 30 35 25 2 40 15 3 43 38 33 43 28 2 13 39 44 14 12 26 43 17 2 42 37 15 50 33 12 22 44 
8 12 30 2 27 13 7 31 43 23 24 26 14 27 44 2 5 45 45 15 35 4 29 36 16 3 5 35 18 38 13 30 8 38 42 8 47 38 10 8 35 37 40 47 37 32 48 30 8 32 47 24 41 49 9 19 10 13 10 44 22 45 23 33 3 40 2 28 25 26 
17 13 40 7 50 15 28 25 22 29 41 12 11 40 3 31 6 32 43 38 47 31 3 24 44 29 37 19 22 36 26 33 15 24 10 11 37 46 5 24 24 43 33 1 45 50 21 32 12 18 4 9 1 46 3 8 17 34 6 20 28 41 22 17 26 21 50 11 34 49 
12 40 1 10 9 7 42 41 9 25 49 27 46 48 16 42 13 34 14 14 43 23 1 22 48 9 4 41 5 13 49 7 37 36 42 32 10 2 4 34 23 19 43 30 21 17 6 26 49 1 29 47 20 40 14 28 20 48 30 10 47 32 45 11 35 38 36 49 21 33 
34 43 40 28 25 34 18 1 35 39 27 49 23 45 18 38 22 34 15 36 28 13 21 48 47 22 44 44 33 9 10 16 45 49 30 32 1 17 22 41 14 7 11 44 36 34 32 10 47 15 8 9 2 14 22 16 20 39 28 36 48 14 26 8 11 18 38 5 19 17 
35 35 19 25 45 35 44 30 32 36 12 32 45 33 23 5 23 13 35 1 1 37 42 46 16 35 11 9 12 42 42 18 30 30 16 34 21 9 42 7 21 38 33 16 40 11 3 44 45 45 22 35 1 32 41 5 35 50 2 6 34 49 8 48 37 50 20 7 23 31 
22 27 33 11 43 30 37 24 10 45 45 36 33 40 45 15 5 16 36 2 35 6 7 34 24 2 48 16 18 30 8 12 14 17 36 26 45 29 30 16 19 39 50 33 17 30 17 12 33 15 8 41 45 4 27 9 18 5 26 23 45 8 16 39 43 25 36 34 21 48 
50 22 8 40 44 37 39 43 37 32 23 43 25 18 6 37 24 40 2 43 42 37 50 1 17 14 29 14 23 41 41 23 19 8 47 41 24 46 12 24 45 41 31 30 12 27 34 8 46 17 16 17 26 4 23 28 38 47 14 31 12 15 29 1 49 14 13 2 33 43 
39 17 25 13 21 25 12 20 14 26 39 19 2 36 28 49 23 40 12 39 35 8 39 31 49 48 40 43 12 29 24 21 48 28 6 48 3 14 27 6 39 30 43 40 7 20 4 13 6 12 31 39 7 14 1 2 39 21 45 1 30 41 14 22 45 16 42 32 40 5 
5 14 44 29 20 20 1 6 23 20 41 25 8 5 29 16 47 14 43 50 4 3 27 16 41 5 13 27 45 49 26 26 39 11 36 14 45 34 45 40 14 27 13 37 45 39 18 34 12 48 34 28 26 21 27 3 34 26 26 20 1 47 29 11 41 13 41 10 48 39 
7 45 17 17 38 2 6 17 37 34 3 29 5 19 2 17 31 45 30 9 12 46 4 44 18 28 8 14 5 26 7 24 45 19 30 20 41 17 42 4 17 44 30 36 38 23 21 24 48 2 46 4 21 50 3 2 2 15 13 4 29 50 29 6 22 49 5 22 19 44 
49 15 21 16 38 42 40 5 4 31 30 23 9 17 6 37 24 29 33 44 38 45 31 1 1 22 36 19 13 2 49 13 44 42 49 48 32 40 17 28 1 48 35 39 31 10 50 12 11 45 6 47 46 9 7 25 29 18 3 27 15 9 31 15 30 1 27 22 5 27 
50 7 41 17 47 2 7 16 8 24 40 5 2 28 32 9 21 45 40 45 39 37 43 25 40 4 4 27 17 39 14 2 30 19 24 29 18 32 42 42 48 48 39 1 14 21 7 31 42 45 10 39 45 11 23 13 9 7 27 5 25 18 43 43 25 15 34 20 9 17 
49 26 45 11 2 29 4 3 26 36 43 24 34 8 41 15 36 40 12 29 47 37 34 13 37 28 10 22 6 14 17 35 47 36 50 6 46 6 10 27 46 39 29 22 50 25 15 45 18 48 30 25 31 43 28 7 1 43 46 18 34 26 5 47 20 13 31 6 7 37 
46 49 22 24 6 33 5 48 8 42 4 45 28 25 7 7 45 1 34 43 42 41 49 27 49 38 5 24 3 13 47 20 3 36 30 27 25 16 42 49 12 22 23 50 48 3 9 4 10 39 25 29 49 16 2 43 1 40 22 40 45 4 36 19 43 28 43 11 31 7 
7 13 23 42 11 48 33 8 35 29 9 48 26 8 13 19 29 12 13 50 25 43 26 13 42 27 44 7 20 47 26 34 46 33 30 36 47 7 50 9 4 34 49 30 4 30 10 17 6 3 34 39 28 45 40 23 10 30 29 38 50 48 3 18 14 9 33 38 48 50 
1 27 26 41 34 19 1 47 13 28 44 32 15 39 19 31 45 24 44 22 10 27 20 20 21 48 16 11 36 9 35 41 33 39 32 1 10 47 35 33 21 19 21 5 35 33 47 34 49 33 12 22 13 11 18 39 18 12 22 48 14 25 13 35 29 16 47 42 40 8 
8 2 19 34 43 28 30 27 42 14 26 48 32 41 4 48 31 8 7 29 17 39 13 7 27 13 24 47 42 46 30 40 48 34 6 22 20 41 8 13 11 30 5 7 12 49 14 4 20 44 13 31 11 36 29 8 13 21 8 34 26 11 20 13 12 20 14 40 44 2 
7 15 13 8 43 9 16 26 6 35 32 49 2 33 33 23 8 48 46 19 38 15 49 29 18 17 34 6 28 45 37 27 30 37 16 26 30 18 7 7 43 11 42 43 29 16 13 43 27 1 23 32 39 31 20 4 20 28 15 31 47 26 23 46 47 45 33 2 27 28 
47 20 47 38 48 44 47 3 16 14 5 41 37 25 33 6 23 8 11 44 8 10 19 12 35 41 2 25 34 30 30 30 28 24 11 29 31 10 27 26 17 10 33 30 7 20 33 21 36 31 42 35 27 33 38 32 23 42 44 5 33 24 12 33 16 9 48 14 10 29 
46 46 4 2 49 12 19 44 16 2 30 5 4 43 9 43 23 45 39 37 17 41 23 33 10 7 13 27 40 50 38 8 20 42 47 47 13 15 4 9 50 18 49 40 32 30 24 20 36 12 16 27 25 17 13 42 17 28 44 49 47 25 10 30 29 1 3 39 39 39 
3 36 46 5 14 10 33 15 30 31 43 16 38 8 46 11 17 24 38 29 21 42 38 5 44 39 14 17 38 16 34 10 29 48 25 36 16 20 12 30 35 1 26 44 36 20 29 13 15 27 49 12 2 26 35 35 13 13 28 33 34 16 27 31 17 19 11 20 3 24 
24 22 1 41 9 30 42 18 33 35 23 41 46 37 45 5 44 21 28 8 14 21 9 4 15 33 24 29 33 6 19 8 3 27 31 10 10 9 10 3 13 1 39 13 28 25 20 20 47 28 4 16 16 40 35 45 41 38 2 39 48 1 11 35 1 32 39 12 9 37 
48 41 41 28 15 7 9 22 46 29 20 49 14 45 45 1 48 33 9 1 38 14 37 40 41 10 19 25 32 39 14 21 19 24 10 10 46 28 7 45 37 20 18 40 22 16 2 22 30 28 9 27 13 10 6 8 41 43 17 20 13 23 21 47 39 30 39 12 16 11 
18 30 35 32 31 38 9 3 29 45 12 5 27 30 16 26 29 24 3 42 19 17 19 31 22 40 11 14 10 40 42 48 21 11 42 24 17 38 29 39 45 45 12 3 47 49 38 1 29 15 41 1 34 44 17 13 21 23 9 17 11 19 23 16 3 45 44 42 5 44 
46 7 29 30 40 34 49 44 29 49 2 17 49 21 32 43 29 32 47 31 29 47 37 27 50 45 33 40 36 40 10 40 20 13 30 4 35 38 19 37 22 8 2 7 30 23 25 18 46 31 2 4 46 12 19 18 8 6 7 8 24 47 34 33 23 20 12 14 30 21 
10 4 8 1 25 11 14 35 26 39 29 10 36 32 50 47 16 22 38 9 14 26 4 41 24 16 20 35 1 12 23 10 48 11 14 15 6 50 47 45 31 12 17 13 44 48 31 34 5 49 10 35 1 27 46 16 17 1 27 10 2 47 19 8 4 26 47 12 26 8 
35 6 10 39 37 39 25 7 41 21 17 23 45 31 4 40 6 49 38 22 13 13 15 19 36 15 48 45 14 39 42 30 40 13 44 10 5 15 3 5 44 22 3 10 28 41 26 24 14 31 35 13 15 3 28 37 44 35 34 12 45 7 46 6 41 34 35 28 26 37 
11 28 22 27 47 30 49 44 22 39 15 22 24 45 17 5 3 47 46 27 10 49 47 18 11 31 40 15 29 19 41 18 22 43 45 50 21 19 32 16 36 13 3 36 15 50 42 29 2 48 46 13 46 24 9 16 4 45 43 40 15 22 23 20 33 9 44 7 22 16 
18 31 5 1 44 2 4 47 44 25 41 23 43 37 11 1 35 32 11 1 34 46 33 11 29 32 41 9 33 13 50 42 15 6 10 35 50 40 34 12 21 38 36 41 48 49 2 43 1 45 25 22 1 26 45 7 29 27 26 19 34 7 38 41 36 46 35 13 49 31 
28 38 38 23 39 39 30 27 25 16 46 9 33 19 48 14 47 12 6 25 26 14 33 20 2 16 2 42 25 44 48 40 6 47 40 20 4 28 42 7 34 15 22 39 22 13 26 6 12 38 44 39 22 18 40 41 2 50 43 46 13 20 33 33 46 49 17 14 45 15 
50 37 5 4 34 31 50 19 7 27 22 7 3 11 7 22 14 39 35 41 16 26 43 32 28 4 4 34 31 10 24 5 33 7 48 46 47 38 1 16 33 29 33 47 19 35 24 18 3 50 1 26 44 32 50 43 35 43 12 28 38 16 45 31 7 21 22 3 23 9 
33 46 48 30 14 10 16 40 30 21 43 35 40 3 12 36 49 34 28 9 39 27 12 18 4 36 18 47 3 20 13 26 25 40 22 39 33 30 3 35 41 40 30 20 38 44 9 4 27 4 41 10 37 41 17 19 5 17 22 33 18 20 23 11 5 40 38 15 22 1 
40 23 30 24 44 31 31 31 22 29 36 18 39 10 44 18 50 20 43 44 38 40 45 3 37 43 39 25 40 26 22 17 20 26 33 42 42 25 36 8 4 39 5 22 8 15 17 34 1 5 40 4 26 8 20 37 23 25 42 33 26 32 11 8 28 40 47 11 16 16 
48 37 9 29 43 36 10 45 30 5 9 7 4 23 34 11 44 8 39 19 7 11 8 8 33 38 34 34 23 2 18 31 50 36 30 14 8 6 4 50 6 15 32 25 28 48 40 24 29 26 4 42 49 1 32 19 29 23 39 39 21 30 28 40 35 7 36 4 25 26 
9 38 45 28 36 49 37 19 40 2 17 15 16 12 20 32 41 11 33 29 11 28 9 30 16 47 38 8 23 3 15 29 1 44 15 47 39 45 11 1 49 11 42 31 40 14 37 28 17 2 39 19 26 31 3 37 45 45 6 13 4 26 22 36 13 19 9 20 5 28 
37 3 44 3 42 7 5 13 45 6 3 15 42 7 8 12 13 20 1 7 8 42 19 38 9 46 35 30 28 46 20 11 24 4 1 28 28 10 40 1 22 49 8 36 30 26 13 50 1 33 14 31 12 25 39 24 43 9 43 4 43 11 9 20 29 27 11 19 49 12 
38 12 19 4 7 23 5 4 4 4 13 31 32 7 2 3 26 18 50 46 38 44 11 46 21 14 35 49 5 9 21 40 31 1 25 24 43 35 19 34 45 28 29 36 13 10 25 8 2 14 15 21 20 2 29 49 30 4 6 33 25 36 2 33 2 25 25 20 46 24 
34 26 17 10 9 25 19 4 33 7 14 49 1 39 12 11 50 33 32 26 41 32 8 16 16 29 20 34 3 15 11 40 24 40 5 27 33 26 43 12 18 4 12 46 49 2 29 3 24 45 18 16 50 21 43 14 33 1 44 35 46 12 16 37 31 6 10 14 45 18 
33 24 31 16 19 41 19 39 37 36 1 37 46 43 30 43 24 39 2 5 49 41 24 36 22 17 6 22 33 47 45 6 35 46 49 49 19 36 2 48 8 19 28 1 29 42 22 41 47 19 39 21 3 50 30 43 11 4 28 36 34 45 37 43 45 43 13 2 42 5 
14 23 25 40 39 21 32 47 6 5 22 2 16 1 35 32 9 49 38 15 12 20 14 33 8 21 39 34 43 34 5 42 24 11 28 42 39 41 23 39 27 40 21 4 40 19 32 12 19 3 38 4 40 4 8 31 27 24 50 21 50 29 50 25 9 35 49 42 36 16 
9 26 24 20 39 26 9 13 3 25 48 37 1 23 40 28 25 43 36 36 14 14 16 49 46 39 43 36 4 18 34 17 40 6 24 10 46 3 2 1 7 31 26 29 33 23 44 38 38 34 36 19 33 2 10 32 39 47 18 31 23 24 42 32 10 3 43 50 46 45 
27 15 42 25 13 33 48 6 14 2 5 43 25 36 3 27 30 18 16 3 40 32 16 28 4 50 9 29 10 31 41 42 20 29 21 26 1 40 42 42 37 27 17 46 38 12 36 24 4 29 50 15 3 45 4 25 24 10 23 36 38 31 30 19 48 43 29 12 42 16 
10 45 13 29 17 2 38 28 29 1 25 17 31 8 9 31 27 28 18 26 9 28 19 40 31 9 19 11 37 25 34 37 20 31 10 35 30 42 44 41 20 2 9 31 24 29 6 21 3 35 38 23 19 25 20 29 35 17 37 33 46 16 35 16 50 44 29 5 43 4 
30 16 14 28 22 36 44 1 4 30 36 14 17 5 2 25 12 33 21 46 8 37 31 32 37 16 34 15 20 2 18 46 45 11 22 49 26 14 34 20 31 46 8 19 38 37 39 31 27 27 21 43 10 23 23 25 10 26 47 44 22 32 28 21 18 27 33 2 24 12 
43 14 22 34 28 35 15 45 13 21 14 32 31 30 12 2 28 8 24 41 37 45 35 33 13 14 25 30 4 44 35 16 17 24 21 6 16 35 10 44 31 16 24 5 28 7 25 32 1 31 22 42 2 4 39 25 1 1 35 9 19 35 30 31 29 11 32 13 40 31 
9 32 47 31 33 47 44 49 40 22 39 11 26 32 50 34 37 18 24 21 33 26 11 35 35 35 29 31 42 1 38 27 24 3 14 30 8 20 19 25 45 27 40 25 50 45 41 34 19 27 32 14 14 42 44 16 31 33 41 35 30 31 42 24 16 33 31 41 4 18 
29 10 4 31 43 1 41 17 4 2 43 1 2 25 8 46 7 7 9 43 10 39 48 24 1 25 35 36 5 23 45 34 6 7 23 17 1 45 32 19 4 17 17 47 38 19 19 49 34 43 39 27 7 19 39 15 31 30 49 46 23 23 48 13 1 31 1 10 13 48 
17 37 9 39 35 24 47 24 40 36 14 36 1 9 48 27 38 43 35 7 13 3 39 17 42 30 18 40 47 22 34 19 37 9 28 12 34 42 18 28 9 32 42 24 47 33 46 19 46 19 34 24 35 33 14 10 42 35 22 34 22 17 33 22 41 22 50 33 49 19 
47 48 16 28 12 27 1 49 36 29 40 16 39 28 10 27 23 37 8 25 20 48 26 17 37 32 16 4 45 38 31 37 19 7 45 21 32 26 6 19 41 40 16 17 21 26 14 1 17 30 44 43 39 9 45 2 28 29 33 32 50 44 30 28 18 41 45 50 8 22 
50 15 4 41 4 43 2 8 25 30 49 9 14 46 40 49 31 31 17 34 4 35 4 12 24 36 12 9 21 24 24 41 48 13 14 49 23 35 39 42 22 42 1 19 37 44 5 26 17 43 19 14 21 8 43 13 7 24 8 23 46 22 11 37 46 17 43 14 4 4 
44 33 44 42 48 19 13 27 9 41 45 32 23 41 1 24 43 12 14 4 27 48 2 50 1 29 34 25 30 28 18 26 5 24 32 50 43 25 40 38 50 28 35 49 32 23 7 20 40 18 12 1 13 5 42 49 22 44 25 44 28 30 2 46 49 16 25 13 49 24 
27 8 28 37 30 29 32 19 32 5 26 35 28 10 3 12 31 39 34 46 5 26 50 4 46 22 6 46 4 40 47 49 23 22 20 27 2 8 14 42 7 8 46 45 28 21 18 18 13 49 42 15 44 12 9 35 34 25 7 29 24 45 47 4 5 3 24 17 11 45 
11 4 22 4 48 30 10 40 45 11 35 17 18 13 12 47 43 42 43 45 25 25 49 33 12 13 36 23 27 3 22 32 21 30 10 12 50 28 44 27 23 7 26 6 35 45 36 5 5 29 43 37 41 35 37 31 36 37 24 30 42 1 9 41 26 17 20 33 50 39 
35 1 7 20 19 31 14 24 38 31 34 31 10 18 8 23 7 7 35 33 2 23 5 38 32 25 27 25 32 16 10 47 23 25 11 36 18 37 50 16 20 44 19 30 40 39 44 47 21 5 9 25 18 5 36 16 48 14 20 4 6 44 37 5 34 26 20 33 31 43 
16 37 41 10 29 11 12 13 12 1 38 47 2 21 31 15 46 47 35 35 12 7 45 19 19 35 31 9 15 10 32 10 22 40 27 19 22 28 21 31 34 34 48 11 13 50 22 37 13 44 19 48 14 27 31 50 26 33 28 42 43 2 42 47 9 4 20 37 39 44 
4 28 14 45 15 24 4 19 23 12 29 16 44 23 3 34 18 1 18 50 27 23 39 43 41 45 19 7 35 18 29 38 37 21 46 2 50 31 24 19 4 4 26 21 10 32 47 35 4 47 49 22 35 40 29 11 41 15 18 47 28 28 39 48 11 17 22 38 1 28 
26 34 17 12 24 25 48 27 1 25 15 18 38 19 22 14 12 18 7 48 3 4 27 35 8 25 49 33 31 29 12 26 18 2 50 28 27 7 1 38 6 18 13 23 3 6 8 48 47 32 26 13 46 3 47 17 4 5 41 46 5 21 13 16 15 38 14 43 2 2 
25 4 31 18 14 47 34 24 42 14 35 21 23 41 22 21 42 30 36 20 22 38 14 23 24 34 41 47 14 14 33 6 10 19 45 18 26 43 41 14 46 3 13 36 30 9 36 24 46 37 2 13 21 32 40 33 26 17 7 44 3 6 10 27 36 26 48 35 21 40 
50 29 16 25 10 32 2 29 32 12 11 11 38 41 44 32 19 26 14 47 39 41 29 10 21 15 10 7 27 43 44 37 9 29 38 44 46 7 38 12 42 6 28 44 50 27 44 37 8 40 12 10 19 16 15 35 8 15 16 40 16 11 22 17 41 30 7 20 50 35 
42 34 17 26 39 21 8 17 8 11 9 1 16 26 50 1 34 18 50 18 10 36 37 13 23 15 34 20 1 25 29 41 43 14 11 10 50 16 37 29 39 33 22 20 6 3 48 21 8 20 23 24 33 45 38 36 30 34 46 17 26 50 45 24 48 8 42 31 10 36 
21 41 3 13 23 12 26 3 27 24 2 24 39 9 49 12 33 49 5 19 7 34 7 35 30 45 26 3 40 14 7 7 1 43 29 14 46 49 43 36 36 30 11 42 4 41 18 24 7 2 41 43 45 1 46 33 3 50 7 38 41 31 39 36 40 19 14 10 48 27 
9 22 44 31 12 45 14 17 42 21 40 39 15 28 45 1 35 18 40 33 49 20 19 8 27 25 26 40 28 38 43 17 32 31 47 28 31 25 9 46 40 47 9 29 20 49 5 34 31 21 22 41 45 20 48 8 13 20 50 44 42 41 42 37 17 19 35 47 26 23 
