80 80
9 7 3 2 14 7 28 36 6 30 38 14 9 17 7 16 30 2 49 24 1 18 9 49 13 6 33 48 34 47 9 33 24 20 26 11 46 10 1 17 49 47 11 29 5 32 43 35 8 18 48 17 35 44 32 25 49 32 15 20 13 5 40 16 49 40 29 38 32 48 23 16 16 29 28 9 7 2 17 22 
22 17 2 7 9 28 29 16 16 23 48 32 38 29 40 49 16 40 5 13 20 15 32 49 25 32 44 35 17 48 18 8 35 43 32 5 29 11 47 49 17 1 10 46 11 26 20 24 33 9 47 34 48 33 6 13 49 9 18 1 24 49 2 30 16 7 17 9 14 38 30 6 36 28 7 14 2 3 7 9 
37 19 13 9 44 17 39 49 21 31 48 20 28 10 48 5 27 2 41 9 3 36 44 2 13 47 15 7 24 31 8 6 30 40 39 23 14 50 26 8 14 3 2 6 43 4 23 38 10 24 28 13 37 16 36 47 38 12 32 40 33 49 46 2 42 36 40 49 25 45 20 8 30 47 50 38 11 10 36 18 
9 19 8 38 13 22 40 19 12 3 22 41 28 50 48 9 3 27 50 34 32 42 33 36 41 34 4 10 49 40 31 34 6 15 20 26 6 4 27 3 20 32 47 45 32 12 22 25 33 44 38 20 2 2 28 17 36 20 39 38 3 14 33 49 27 37 3 13 7 50 13 21 23 29 43 12 43 41 15 3 
9 24 26 20 37 29 45 34 17 34 47 32 43 17 17 42 9 20 4 37 3 5 13 29 39 37 4 31 41 20 38 3 48 3 23 42 41 1 41 36 43 13 3 27 13 9 7 17 21 49 10 29 41 7 19 34 48 23 2 6 31 13 25 39 17 12 21 27 42 14 44 25 11 39 3 43 22 18 42 15 
44 45 48 25 12 11 50 15 37 24 36 17 19 32 22 37 50 14 7 6 35 34 27 28 3 39 18 48 15 47 13 46 48 38 11 3 13 25 34 24 12 39 14 28 26 12 19 24 29 9 17 17 45 34 47 26 12 36 14 11 2 18 18 14 33 21 15 49 19 45 16 49 28 10 46 17 50 45 6 26 
40 6 28 38 16 21 24 42 24 7 34 17 23 7 45 29 7 5 12 3 40 36 38 32 12 44 1 33 43 23 7 10 36 36 33 32 6 49 31 31 50 50 23 42 34 38 18 3 26 28 7 22 5 36 8 30 14 46 2 8 6 35 16 26 24 27 7 6 8 40 1 21 38 42 16 13 28 10 11 23 
46 4 8 20 41 35 26 8 49 16 50 12 38 33 47 44 5 50 9 24 43 4 24 19 15 38 20 32 16 33 49 25 12 46 40 49 25 27 6 34 13 15 25 45 15 43 26 39 44 8 4 5 17 11 6 2 36 20 36 10 44 3 3 36 6 38 45 27 5 9 18 16 4 14 6 45 49 2 14 27 
1 24 5 16 42 40 33 31 9 11 9 43 33 17 35 17 13 44 50 26 29 25 48 7 1 33 10 43 1 30 10 47 18 31 7 37 44 10 15 7 5 46 2 26 41 7 40 32 10 32 1 10 39 29 46 49 49 23 4 7 21 45 6 41 43 7 5 29 14 30 21 43 26 39 18 22 50 36 18 8 
41 23 37 7 35 32 6 3 17 3 44 31 26 46 31 27 49 16 1 34 7 10 48 17 46 19 21 25 39 24 20 19 23 40 25 14 4 8 45 16 43 29 26 9 26 41 39 35 23 39 36 15 35 28 6 16 32 3 38 1 14 1 10 19 10 22 16 19 50 17 49 48 21 4 7 43 13 10 15 16 
36 15 38 41 42 26 44 41 33 47 3 1 32 9 41 11 20 49 43 2 14 6 3 22 11 41 24 25 22 37 29 24 10 25 4 47 42 13 17 2 34 32 15 46 33 2 21 28 5 34 17 10 32 27 41 21 35 16 40 4 1 3 10 32 11 22 34 37 34 40 49 49 47 23 4 16 11 49 24 38 
27 18 23 17 20 14 32 28 25 6 2 46 35 24 10 47 7 24 33 40 27 24 23 11 12 17 19 28 3 16 44 45 36 38 14 44 39 42 24 22 24 32 2 5 45 20 47 30 30 41 14 30 41 9 23 34 25 18 40 29 50 14 5 49 7 46 5 19 41 3 46 22 8 39 48 49 45 20 41 49 
34 10 24 7 17 23 49 43 32 40 3 49 48 29 47 49 27 44 14 8 3 37 49 35 4 21 45 48 11 40 12 49 26 26 23 49 13 20 43 21 11 37 27 35 7 9 34 42 28 38 43 23 35 10 9 33 37 26 2 15 5 20 42 8 2 26 29 16 49 7 36 35 1 42 41 41 40 35 34 4 
40 44 41 1 17 35 25 29 9 40 42 8 30 9 37 36 27 21 11 27 36 24 44 35 28 35 50 10 41 49 3 27 27 5 8 14 35 19 28 38 17 20 17 27 37 15 43 41 30 23 26 4 16 3 44 20 39 44 31 8 9 27 21 5 43 34 14 3 27 39 30 34 13 46 12 46 32 22 44 21 
35 23 13 11 24 17 50 4 11 42 37 23 38 43 10 45 40 1 5 2 19 33 33 4 21 16 37 15 29 1 33 15 31 36 17 28 19 38 22 39 28 40 41 6 32 26 14 22 11 45 6 47 47 46 38 28 33 25 42 3 24 40 20 7 24 4 2 21 34 46 21 43 46 9 11 11 48 32 7 12 
11 42 47 15 3 17 50 16 31 38 2 20 18 29 30 16 11 50 38 41 42 27 37 27 4 28 39 16 19 41 14 27 14 33 40 4 19 26 47 28 17 16 1 30 34 50 25 37 43 39 2 26 44 16 27 31 33 13 16 7 37 10 5 47 36 25 8 44 31 45 39 44 48 24 37 27 48 42 16 41 
35 13 25 20 27 13 29 9 18 40 25 36 30 21 15 49 45 37 22 37 13 42 38 7 27 40 49 13 36 50 47 3 26 9 18 49 36 18 21 28 49 22 17 1 49 30 31 50 43 24 17 33 16 27 13 39 17 44 38 45 33 49 27 45 50 2 45 23 18 18 7 5 22 48 28 39 40 2 39 48 
38 50 18 14 12 15 26 11 2 29 5 26 8 33 39 24 35 8 17 48 43 15 24 18 38 21 45 38 34 47 16 1 21 33 24 16 41 29 38 40 14 11 35 14 41 40 15 3 11 26 40 35 22 26 38 49 48 12 9 35 23 15 11 30 10 42 16 24 24 17 41 47 12 32 38 26 28 2 34 46 
39 7 36 2 22 45 32 4 44 9 13 3 41 13 28 19 18 22 37 38 19 13 26 35 36 16 46 17 32 16 7 32 45 27 46 7 22 44 47 22 6 21 39 1 47 31 7 43 14 12 10 28 2 5 11 32 1 36 16 43 17 33 28 45 32 5 38 28 15 37 27 32 30 49 44 45 7 25 36 35 
46 29 7 1 29 49 18 45 18 25 32 9 17 4 45 34 3 36 40 19 8 20 4 42 12 7 32 36 26 27 21 27 3 33 11 46 34 50 7 47 11 28 20 40 1 1 11 43 44 4 49 21 50 24 8 2 34 38 14 40 33 12 9 14 6 27 34 19 3 24 48 11 3 37 9 50 16 8 27 30 
35 10 46 46 26 28 42 34 43 9 33 43 5 8 27 34 9 36 37 33 34 35 11 20 4 39 13 29 30 29 13 38 19 35 34 10 25 42 23 17 14 34 47 27 5 5 7 17 14 40 34 40 26 18 50 47 22 45 37 14 49 34 10 47 31 18 14 1 25 2 16 30 39 29 38 13 22 8 19 45 
26 26 6 31 50 14 35 44 10 3 29 6 26 40 25 2 11 21 2 29 37 28 24 31 34 48 37 19 34 35 21 2 10 41 16 22 5 2 46 10 1 30 3 49 19 25 38 15 12 45 30 28 35 8 47 16 4 50 8 48 19 21 4 19 20 29 7 44 42 38 9 48 26 9 28 2 16 23 20 29 
40 11 25 33 43 31 35 8 20 49 19 46 7 48 22 40 2 39 21 32 44 39 36 28 15 50 34 49 20 13 9 19 50 9 41 6 40 47 48 21 11 30 3 9 42 46 19 40 37 2 2 38 9 34 23 34 32 32 49 29 48 19 40 5 9 30 6 45 1 37 23 6 35 27 16 42 46 17 22 8 
46 8 39 50 38 47 49 41 5 44 14 4 50 28 35 46 33 27 29 29 30 49 12 24 28 41 35 11 15 27 45 37 37 50 39 5 39 4 4 13 20 22 38 13 22 4 1 45 31 36 22 11 29 5 38 5 5 29 40 25 42 27 17 28 23 37 9 34 22 27 13 3 25 13 11 43 1 23 36 45 
13 26 18 37 43 6 3 24 13 35 12 46 17 27 44 1 25 3 22 49 18 40 17 36 39 6 33 12 12 50 44 25 27 38 24 12 4 24 20 18 18 44 47 44 42 24 16 25 41 47 6 5 39 12 38 46 28 36 25 46 36 4 13 49 42 28 13 8 2 41 9 20 9 19 28 9 32 6 9 39 
9 12 47 42 4 35 21 42 41 47 21 22 24 44 27 48 23 39 45 45 38 17 4 43 24 14 32 44 44 23 43 6 38 8 32 39 14 12 1 22 37 30 39 26 3 45 28 18 43 16 36 26 27 10 21 10 7 32 34 3 8 48 16 13 15 4 49 16 1 31 4 22 2 26 36 41 5 12 46 3 
28 18 41 7 29 27 4 50 18 42 1 35 18 25 10 36 7 31 19 30 1 28 10 22 3 49 40 20 2 26 5 31 24 27 1 47 44 13 13 41 27 49 32 19 16 26 7 12 10 1 8 38 20 4 5 30 4 24 50 14 12 16 43 50 8 6 7 7 42 41 50 10 48 26 34 34 27 49 42 34 
22 23 47 46 27 41 11 3 3 5 46 34 7 25 26 1 31 22 8 32 32 43 31 34 50 41 44 28 48 9 13 31 44 50 36 14 28 29 28 29 18 31 43 46 1 7 25 10 26 41 48 23 33 5 38 2 36 4 47 2 23 34 17 36 46 31 20 17 17 42 26 37 31 49 5 7 18 2 4 48 
27 2 1 50 41 41 13 17 17 50 30 46 48 44 8 49 47 15 42 49 20 6 33 40 10 50 13 25 25 48 20 24 4 14 30 40 23 25 48 19 17 2 24 18 38 42 20 13 28 36 11 32 13 44 37 47 10 21 42 46 8 32 15 39 18 21 40 29 29 27 49 9 48 15 13 30 31 38 18 47 
7 40 49 26 10 41 33 39 14 32 37 38 43 29 36 22 36 9 12 27 29 43 12 6 13 50 50 46 7 30 8 2 27 32 16 39 16 41 5 50 13 6 39 1 41 42 43 31 20 10 30 36 4 6 18 42 14 33 39 29 40 19 37 11 31 1 41 39 19 34 4 41 1 9 37 46 43 27 48 41 
20 13 31 2 20 38 19 32 14 25 9 19 34 31 38 10 49 22 11 14 47 42 20 9 42 46 2 31 1 10 35 37 45 16 16 6 20 47 30 20 26 8 22 10 47 38 21 16 41 4 40 43 39 9 12 35 27 44 31 6 33 3 13 37 48 38 6 42 26 10 48 5 24 19 17 40 45 7 10 15 
38 33 48 48 3 4 40 42 42 31 13 9 39 15 15 48 9 15 39 38 12 49 45 1 33 33 25 31 30 12 25 11 31 23 42 21 3 15 46 22 28 1 22 24 32 18 49 28 17 6 46 11 11 50 42 22 19 14 33 40 26 43 16 36 34 43 31 35 35 46 36 16 44 42 33 48 21 32 25 26 
29 8 13 12 15 4 26 47 39 16 40 31 35 48 21 22 26 47 12 9 21 26 15 35 50 18 4 9 30 16 18 6 37 43 35 5 17 15 39 10 14 39 5 6 45 36 8 26 3 15 29 27 47 7 35 24 45 2 22 45 47 48 9 36 7 22 45 49 8 31 37 28 26 37 33 39 3 5 16 20 
3 13 3 20 24 30 17 8 11 41 3 46 19 10 24 37 24 40 6 46 4 17 50 1 41 49 19 18 23 7 30 5 6 50 38 12 38 25 5 45 36 10 12 34 33 25 29 33 15 30 43 2 25 19 26 42 42 6 6 39 49 5 32 48 50 21 12 13 23 40 2 6 7 29 3 24 25 49 38 39 
28 18 10 5 21 21 17 38 48 23 21 34 24 19 1 28 3 37 14 30 24 34 16 10 13 3 11 36 47 44 26 9 40 18 8 6 23 40 47 41 49 28 15 50 1 4 12 1 43 40 32 45 33 19 10 34 9 19 48 40 49 27 5 34 4 26 11 29 22 6 29 36 9 8 37 19 10 16 25 4 
16 49 6 33 14 9 46 31 25 23 1 4 18 8 50 5 50 35 14 30 8 49 16 36 43 50 4 21 17 41 23 47 30 9 43 43 4 10 30 34 21 2 47 46 39 11 45 28 12 21 28 31 17 47 44 12 32 47 16 3 49 5 50 30 34 10 24 26 50 36 28 44 1 3 7 48 6 36 17 38 
13 40 42 2 30 45 6 47 25 3 4 29 48 36 30 17 50 3 18 3 22 40 1 19 27 3 14 25 7 42 50 38 16 35 10 36 3 43 30 20 2 50 32 29 46 31 3 27 15 1 38 48 12 42 21 4 29 6 31 47 19 11 46 27 41 24 19 45 46 35 31 21 33 10 38 1 24 2 33 12 
22 16 1 24 11 22 29 46 16 48 37 24 14 27 43 30 7 1 48 12 42 28 17 49 22 34 3 43 29 36 28 20 17 29 26 47 26 35 38 11 12 39 42 49 22 43 47 13 28 26 20 20 24 14 13 23 5 16 41 45 45 27 4 12 48 3 45 35 13 28 44 28 40 8 39 47 20 23 8 23 
27 26 27 32 26 24 9 44 10 42 8 9 2 47 35 33 16 39 49 22 4 5 40 38 23 17 30 18 23 35 34 44 21 36 3 39 42 16 1 17 34 19 3 32 45 5 11 49 30 41 48 9 14 33 29 30 37 46 34 13 43 4 21 20 22 43 15 23 19 22 15 22 37 36 37 26 6 13 26 44 
20 13 13 34 23 37 39 15 29 2 27 48 4 30 35 23 41 31 24 33 12 12 45 34 42 13 5 17 6 47 28 18 45 39 30 11 47 48 40 50 47 36 6 29 35 7 10 19 30 21 37 17 7 20 37 16 44 1 38 25 47 35 7 18 8 8 38 22 33 50 14 42 21 35 39 34 47 50 38 25 
15 17 45 37 6 37 7 39 21 7 27 42 45 36 27 47 31 22 37 39 46 41 27 3 15 29 41 16 16 39 4 25 21 36 42 18 6 19 13 26 39 14 39 5 35 4 50 21 20 31 26 31 22 31 45 46 21 15 34 31 24 16 16 18 35 19 32 43 9 17 1 4 37 49 32 18 5 13 19 44 
48 28 45 37 21 5 20 16 37 6 31 15 18 41 21 37 5 2 44 28 39 43 45 31 4 20 13 5 36 18 24 39 22 50 17 15 45 35 5 20 30 40 3 26 44 9 1 45 4 15 33 48 3 7 29 18 39 50 32 26 9 15 18 46 30 6 41 26 41 41 31 39 31 12 29 32 6 23 49 35 
45 20 26 37 27 2 16 12 20 27 28 19 34 48 28 11 17 42 30 29 6 6 4 49 13 21 20 26 39 28 37 31 24 47 3 34 15 12 6 30 27 42 1 9 47 16 10 30 26 43 45 32 32 4 9 15 10 38 29 18 40 2 49 40 38 32 5 25 29 43 32 45 41 4 46 34 6 19 7 32 
39 32 35 14 25 9 22 36 20 43 35 18 21 8 25 41 31 15 47 5 23 47 2 25 7 37 17 48 34 5 40 1 26 39 25 46 28 23 19 25 30 28 5 48 16 7 10 26 9 3 40 37 15 43 25 43 39 8 37 31 14 11 5 44 42 19 39 16 40 7 31 47 42 12 2 28 45 15 5 2 
30 37 34 19 18 17 15 8 25 42 2 39 28 5 8 22 26 1 41 34 7 8 22 22 33 35 1 16 11 48 36 15 24 45 5 49 36 23 14 35 21 50 13 43 6 17 3 32 12 32 12 30 47 34 35 49 26 27 49 46 43 39 27 44 27 6 16 16 39 16 18 41 43 8 37 31 19 17 24 18 
30 48 32 2 12 45 32 49 29 8 2 39 1 45 24 39 38 14 45 9 4 26 30 22 27 3 7 29 27 4 1 31 31 38 3 13 27 39 31 7 33 10 37 13 7 3 49 44 34 24 6 24 19 29 15 5 4 16 20 41 14 16 38 45 38 35 34 47 5 40 16 10 10 19 2 38 26 28 23 36 
45 23 39 50 10 48 19 33 39 35 29 11 45 9 30 44 22 21 3 50 6 36 19 22 32 17 41 27 13 45 41 45 17 33 22 4 35 3 20 21 24 43 21 7 5 20 18 13 27 28 47 48 20 28 28 4 44 20 45 8 28 23 29 34 12 15 28 46 14 44 21 10 1 49 41 19 44 27 6 37 
33 11 23 32 26 27 37 17 47 12 44 12 5 48 10 21 42 28 49 41 35 30 21 26 45 35 4 28 26 14 3 24 5 40 30 30 42 49 40 26 38 7 20 23 50 40 36 1 27 37 39 47 36 41 50 36 39 42 18 3 22 20 29 15 2 45 35 1 8 16 2 46 17 25 50 29 16 42 22 17 
38 13 3 7 4 41 6 24 46 39 10 3 8 43 3 31 33 10 37 46 37 22 43 21 42 44 29 36 44 42 48 23 36 46 14 12 34 12 23 50 28 12 50 14 5 39 41 7 26 13 31 11 8 21 14 2 13 2 36 29 18 7 3 2 13 38 21 27 25 7 36 36 15 2 3 37 40 11 30 50 
39 44 32 50 45 8 47 13 34 1 6 6 6 41 49 29 3 18 42 20 14 10 33 36 18 48 39 24 26 7 16 5 43 5 29 36 8 6 23 8 27 29 50 48 9 8 42 27 49 31 46 18 24 15 44 25 42 36 27 1 16 43 29 28 20 14 13 11 44 7 24 31 9 7 3 23 37 1 4 35 
12 10 12 25 29 23 16 29 39 13 17 40 3 10 47 28 27 23 17 11 38 15 11 44 22 6 42 21 10 25 11 1 3 4 39 39 39 46 43 25 18 36 33 23 18 20 22 50 37 43 48 18 22 34 29 20 35 14 46 13 19 3 35 48 26 3 26 48 9 36 8 26 45 2 22 6 12 11 40 47 
4 49 29 26 50 28 32 17 39 50 25 11 9 4 44 22 5 14 50 38 8 18 49 36 46 16 3 18 26 4 25 28 29 17 20 6 9 6 2 40 16 20 38 35 4 31 12 39 43 42 25 4 8 4 26 8 47 14 37 25 22 23 45 5 14 46 10 20 13 36 17 6 13 5 37 45 30 15 37 35 
43 3 49 38 1 50 13 36 22 8 7 5 43 8 10 17 44 44 37 43 24 36 28 38 22 12 41 13 2 12 7 14 41 5 30 14 34 45 50 32 29 19 38 6 48 31 22 29 43 46 26 16 11 1 40 17 21 48 34 21 24 28 46 35 1 21 14 10 41 15 9 37 9 22 3 14 26 47 2 48 
24 41 7 30 31 43 22 45 30 8 7 5 5 22 45 12 2 9 36 18 28 32 28 34 7 6 24 48 26 48 40 29 32 14 47 36 6 16 3 45 19 34 17 14 40 1 12 46 49 41 3 29 4 40 5 33 10 21 13 18 25 16 11 14 11 31 21 18 14 25 45 6 30 34 31 10 45 47 34 16 
39 9 32 47 34 10 48 35 26 44 25 8 12 16 19 16 16 23 36 9 27 48 22 8 4 37 50 5 4 23 39 9 12 15 9 26 16 39 20 29 9 50 7 28 46 38 3 22 13 37 1 25 14 47 14 8 34 40 11 18 47 20 12 10 44 31 28 24 30 28 3 20 32 35 6 28 2 34 11 47 
12 45 5 20 48 3 36 40 41 4 21 24 13 33 39 25 36 17 46 13 39 19 16 17 8 42 46 45 20 5 14 8 24 14 15 25 19 28 20 39 11 40 21 35 4 14 33 17 31 41 35 11 37 12 31 29 5 2 14 9 7 31 17 10 44 43 26 22 49 6 17 31 40 32 28 50 28 33 41 23 
36 11 50 17 27 9 43 20 13 22 38 26 37 48 46 17 17 16 43 10 25 12 33 28 29 17 5 11 17 40 37 38 21 17 20 21 21 27 26 3 1 32 42 24 44 23 27 34 35 42 21 36 24 50 17 7 8 42 17 18 11 38 1 29 30 21 27 25 47 27 39 1 34 35 17 21 35 18 50 38 
50 50 11 30 10 34 7 44 2 31 13 42 40 23 23 12 1 16 23 9 30 40 45 1 14 24 11 18 28 11 35 21 28 48 40 22 17 33 35 12 14 30 40 7 33 13 45 8 15 42 31 45 5 36 8 34 48 29 26 3 14 10 44 9 25 29 1 35 17 5 13 5 12 2 30 22 36 21 39 24 
45 47 30 42 22 33 36 24 37 8 3 32 48 10 39 13 43 28 30 3 9 42 43 27 47 19 24 20 35 39 7 5 34 12 37 30 47 43 3 30 25 2 1 31 4 39 30 29 15 36 46 12 48 10 11 48 35 39 28 12 7 29 28 48 33 6 9 25 13 6 27 4 48 27 17 50 32 23 29 50 
19 27 32 26 12 16 45 5 12 34 45 39 16 36 29 13 8 7 45 5 8 25 14 40 15 9 48 17 48 27 37 41 10 8 11 25 29 22 17 14 33 2 29 29 32 30 44 31 5 10 16 48 1 18 24 48 5 26 42 29 43 47 30 25 5 12 27 39 2 44 5 8 31 31 33 33 13 49 44 1 
42 46 32 24 32 1 35 48 46 48 50 48 40 1 5 17 12 29 27 33 21 15 45 6 5 7 32 37 49 8 25 2 10 30 49 22 25 5 35 13 50 5 14 26 33 22 44 47 22 12 27 45 34 23 43 3 39 44 17 1 14 49 46 37 36 45 16 18 7 39 27 13 42 28 3 41 48 24 6 10 
49 38 42 17 17 2 46 29 7 4 35 3 38 32 31 38 27 31 39 20 16 49 38 23 35 36 28 13 43 3 27 43 29 43 11 49 30 15 40 3 17 43 45 38 28 41 35 50 7 12 5 23 3 48 6 24 50 31 19 33 13 44 9 18 12 42 21 17 31 40 28 32 29 17 10 20 25 47 48 44 
42 39 22 30 35 17 22 12 41 48 25 13 43 3 10 34 14 8 15 30 46 25 48 9 23 41 21 4 2 36 32 37 20 19 21 21 32 7 36 16 16 17 28 9 5 14 17 21 31 3 29 20 5 25 29 33 34 1 39 41 32 34 45 48 43 5 4 15 50 20 38 17 37 11 20 5 17 22 40 7 
32 22 43 25 18 4 29 41 40 3 37 28 22 46 35 32 47 18 22 16 15 44 37 14 48 41 2 25 46 17 18 3 38 20 14 45 35 30 43 18 14 40 6 24 10 16 46 9 23 46 10 48 42 13 17 4 23 45 11 23 9 19 45 30 15 21 20 20 12 37 44 6 37 13 42 47 17 22 10 4 
19 50 17 18 8 25 3 12 27 50 38 8 32 5 33 20 21 2 47 44 4 28 34 2 7 36 20 28 19 1 29 24 50 32 22 48 7 31 41 27 12 31 40 42 45 25 29 33 48 4 36 50 45 23 5 43 37 48 44 23 24 21 31 44 13 23 42 1 7 26 43 41 25 23 2 49 48 45 1 9 
16 22 49 10 31 40 33 47 23 46 29 6 29 16 16 21 44 4 14 36 48 22 41 33 47 47 29 3 2 31 14 13 43 38 23 30 43 40 44 27 9 41 9 16 14 29 36 33 18 3 19 30 41 27 15 32 48 33 42 28 48 48 4 10 28 1 40 7 24 5 18 9 35 24 21 17 24 14 44 43 
26 44 48 48 41 41 33 2 12 5 6 19 50 30 33 32 42 16 26 26 16 48 47 37 7 15 35 42 42 45 50 20 6 13 44 32 48 16 45 6 40 20 6 42 10 29 20 17 1 5 50 5 7 39 2 22 33 2 1 30 45 42 29 9 12 2 42 13 10 29 50 10 27 11 21 35 7 24 23 48 
25 25 44 3 25 30 38 31 40 32 24 37 46 36 5 47 25 9 28 29 6 22 36 7 42 29 29 48 25 7 23 19 20 48 46 28 49 27 25 14 43 44 27 31 38 22 15 27 43 48 49 48 5 19 8 13 17 19 3 42 42 48 46 39 28 47 45 32 20 20 42 37 31 39 39 17 9 39 1 9 
35 43 7 26 23 27 10 16 14 5 19 15 38 8 23 21 39 11 50 19 16 18 20 30 50 2 17 45 1 39 12 30 8 30 33 3 20 40 44 25 50 28 38 32 11 3 20 3 28 45 18 4 8 26 43 12 14 3 38 7 2 41 49 9 42 13 5 38 48 27 3 22 28 2 34 44 17 15 33 18 
28 18 18 19 24 36 38 18 48 9 41 11 44 4 24 9 38 48 36 33 34 6 25 27 30 6 12 21 42 47 2 23 33 34 12 16 6 15 25 4 26 27 22 29 11 12 41 35 40 11 28 42 27 19 15 49 16 9 33 43 1 15 17 41 19 40 15 37 21 50 24 18 31 47 25 39 7 13 8 33 
11 30 31 24 3 34 10 21 2 11 14 31 41 7 2 25 1 47 21 12 13 30 3 30 14 12 27 2 3 10 37 46 30 43 48 30 4 49 38 3 38 36 25 25 7 21 15 2 22 41 13 28 8 11 32 37 21 13 8 8 13 28 24 5 17 36 44 32 35 23 19 21 14 40 38 3 44 4 34 20 
5 32 41 39 21 45 39 22 17 48 9 5 33 31 9 23 44 48 14 37 43 11 35 28 1 9 7 7 5 38 45 10 2 49 16 27 41 46 18 5 38 27 14 37 36 31 27 43 46 13 7 39 48 29 30 18 14 24 38 37 8 25 13 49 11 44 40 18 48 43 45 28 36 43 12 14 32 42 37 25 
22 3 20 20 4 19 40 27 49 28 22 29 45 12 5 2 21 35 8 48 48 24 28 28 48 10 45 23 45 10 33 32 22 21 46 16 27 31 31 5 32 6 32 36 37 25 23 40 35 14 30 25 12 13 29 23 49 6 20 18 44 15 42 19 27 4 43 6 44 35 10 39 12 2 39 40 49 24 6 25 
31 14 15 46 31 19 24 14 8 11 26 33 48 39 45 17 14 5 47 2 2 30 30 25 42 11 42 23 41 38 44 32 39 8 12 25 7 4 25 48 5 35 2 50 30 25 4 13 37 50 23 6 7 24 45 42 25 18 26 25 29 13 38 50 2 39 32 46 24 3 40 3 42 35 16 13 3 9 40 31 
50 8 39 42 31 34 32 49 31 46 25 4 46 37 48 50 13 37 32 45 50 32 3 42 3 31 40 22 41 8 17 8 34 12 46 30 21 46 28 3 44 3 4 27 50 39 43 29 38 29 41 26 22 32 37 30 14 23 38 6 42 12 13 21 50 20 22 47 5 42 33 16 27 41 23 18 27 35 41 12 
4 36 42 30 17 18 36 6 31 18 2 29 36 41 40 7 38 27 28 25 43 36 18 47 45 20 49 1 10 41 48 19 22 43 38 17 45 23 29 7 19 5 7 33 7 3 48 39 14 44 24 1 8 42 13 40 44 31 42 24 32 10 44 29 4 38 34 27 28 21 27 8 4 16 44 8 36 22 13 40 
47 44 37 22 33 32 48 43 15 10 17 49 41 22 9 29 19 33 7 20 14 10 24 27 35 22 40 44 45 13 43 2 34 45 12 41 36 28 8 4 48 25 15 14 1 27 1 34 21 42 30 34 12 47 3 15 35 46 4 22 18 27 46 48 8 1 48 43 39 11 9 47 15 9 33 10 13 26 24 19 
30 35 33 27 25 36 9 26 42 39 5 24 20 36 40 3 5 35 20 6 43 24 34 13 10 3 46 41 15 5 46 6 44 7 33 44 1 15 26 44 43 33 31 42 40 10 1 40 37 33 37 21 36 11 29 6 17 5 21 21 4 50 5 16 35 45 46 5 11 1 26 43 6 45 11 6 40 9 31 50 
7 31 38 24 39 16 24 5 4 14 17 45 36 43 23 22 25 45 1 26 33 29 45 48 1 26 6 2 18 33 14 45 8 39 18 43 27 40 11 35 28 47 33 22 39 5 8 35 23 6 6 7 33 14 35 18 8 48 27 15 37 29 16 4 5 36 4 45 46 16 35 19 36 49 48 20 28 32 43 16 
24 34 14 4 16 29 43 50 31 32 40 13 13 6 50 40 42 5 1 35 24 6 2 40 1 17 6 48 20 40 36 31 44 42 34 22 16 27 6 37 2 35 46 7 18 14 38 32 41 11 32 9 31 9 3 2 15 17 28 50 29 44 14 45 23 41 29 41 10 33 12 10 6 7 35 40 43 26 43 39 
35 44 17 32 20 20 2 16 34 21 44 14 49 38 48 39 24 14 2 5 26 10 18 36 40 9 38 23 25 35 4 30 11 35 29 30 35 36 29 39 9 42 45 1 47 16 32 28 40 18 24 6 10 12 25 23 29 18 38 34 42 50 33 39 17 7 44 38 30 41 6 2 17 24 30 15 41 9 19 45 
46 45 12 18 15 3 13 24 37 18 30 16 10 11 5 49 41 48 27 18 23 35 16 36 40 49 7 3 47 29 38 37 16 43 17 36 8 13 45 16 14 6 37 45 48 4 29 33 46 37 2 27 4 4 47 7 46 25 21 8 4 12 47 13 34 45 46 22 37 20 25 28 21 11 37 34 14 3 9 40 
33 35 50 26 13 33 12 18 14 13 40 38 31 1 20 11 11 28 48 26 48 3 49 21 40 28 41 24 35 35 23 31 6 7 14 21 43 48 2 36 45 22 20 31 42 30 27 21 8 3 22 48 12 30 14 31 32 47 17 5 24 48 49 10 18 5 13 40 22 15 37 4 41 1 20 16 3 49 14 21 
9 5 16 10 13 21 30 49 4 45 40 12 30 46 21 4 18 47 23 12 30 11 11 33 13 48 13 39 3 2 25 18 1 2 25 15 20 35 20 36 42 23 27 10 28 26 9 40 24 37 8 14 29 48 2 19 46 50 20 38 16 4 18 8 44 9 37 23 7 42 46 35 47 31 31 15 11 20 43 23 
10 8 25 28 22 34 13 43 8 16 16 23 8 39 41 36 28 27 29 18 34 17 14 33 31 20 4 39 42 6 18 12 5 38 35 19 10 18 1 44 1 32 50 38 10 1 24 27 31 22 9 26 18 10 44 41 32 37 39 20 12 29 23 31 12 25 14 16 3 32 43 27 28 41 31 21 23 27 4 16 
33 47 12 35 37 1 30 43 27 42 45 34 38 7 18 1 35 20 2 21 4 24 6 5 24 14 36 21 45 21 4 6 4 39 38 25 20 24 26 16 5 36 9 46 40 34 30 5 43 44 34 3 11 27 36 50 21 49 22 42 18 3 4 4 42 14 45 28 48 27 47 7 13 32 11 26 3 5 36 42 
15 22 49 48 38 9 43 47 32 45 33 40 9 2 13 14 37 43 34 21 13 47 7 34 41 8 17 26 43 26 44 5 33 4 6 29 12 38 43 15 41 19 38 17 9 4 21 43 19 15 39 28 43 31 37 5 39 9 38 49 38 17 27 30 31 25 13 31 18 12 11 3 6 35 25 3 20 49 14 50 
11 42 14 21 10 15 11 35 25 48 39 47 23 38 17 14 46 4 9 45 46 44 33 30 27 32 21 45 42 10 25 43 49 41 9 19 19 45 29 16 7 43 9 7 41 2 16 16 1 39 18 15 20 24 14 35 36 23 24 21 14 35 40 37 40 17 14 44 33 17 40 17 29 41 23 2 20 21 4 9 
6 3 15 28 31 44 8 23 33 30 11 17 12 14 28 16 29 18 36 33 32 5 30 17 4 9 41 8 40 47 13 38 4 43 34 18 9 29 34 30 2 34 38 47 28 28 49 25 22 35 27 20 38 44 2 12 20 37 47 3 44 29 1 20 8 16 12 39 36 43 42 23 41 36 9 45 21 45 23 50 
13 43 13 17 39 26 13 21 10 10 36 6 34 9 44 37 38 4 28 7 13 16 20 23 34 15 41 42 1 13 24 21 3 22 29 10 34 34 9 18 11 3 5 50 42 15 22 34 24 33 9 32 5 3 28 8 16 43 22 48 28 7 44 23 39 7 38 14 16 32 12 39 13 41 43 17 13 22 33 14 
39 38 48 45 4 10 34 7 37 15 20 4 38 5 29 16 39 1 5 37 31 34 22 32 35 25 42 32 2 48 39 30 26 39 26 16 6 37 26 8 32 14 8 13 15 33 38 13 40 44 26 36 16 13 39 3 39 33 35 26 27 1 2 19 13 6 10 41 8 11 28 43 16 8 25 36 41 33 5 32 
29 43 46 32 37 41 27 5 34 31 26 23 42 32 40 49 24 17 39 50 34 32 46 22 9 34 27 6 31 2 49 27 44 25 30 24 24 14 48 6 43 4 36 32 20 49 33 41 24 41 48 15 10 32 4 35 21 41 32 13 39 42 38 29 15 27 35 38 28 32 14 15 47 19 41 42 49 44 48 14 
16 37 30 33 31 40 20 15 19 43 13 10 31 7 22 42 25 40 25 7 23 34 31 39 11 25 28 35 35 17 49 11 8 30 28 22 28 26 22 16 8 25 24 35 49 38 38 39 45 16 42 29 20 28 12 37 37 9 48 39 29 31 3 23 47 28 18 18 15 4 6 39 43 12 19 10 30 3 48 50 
15 21 11 32 39 40 14 10 25 37 16 2 10 40 47 21 26 20 23 3 4 3 28 9 4 20 27 48 27 24 29 24 34 38 21 40 20 45 3 38 41 43 43 22 32 22 5 33 35 7 27 31 28 35 39 11 49 48 50 47 26 8 50 30 35 38 19 43 24 21 10 12 44 2 42 26 23 24 42 8 
9 7 1 30 3 18 49 24 41 47 17 34 10 23 1 44 48 48 34 15 8 36 33 37 22 9 2 18 22 4 23 43 6 17 43 3 34 14 5 16 33 4 28 42 37 11 12 25 25 49 31 35 30 2 3 10 46 43 28 20 5 7 42 43 38 26 26 18 23 27 32 46 47 41 33 4 45 21 27 12 
9 25 23 3 32 26 42 8 12 23 11 34 31 7 7 47 39 28 15 23 48 34 22 5 7 47 11 19 35 3 20 28 11 32 22 17 19 11 29 37 27 13 29 50 4 20 18 35 13 26 25 16 18 46 22 20 7 47 46 21 34 37 39 4 41 9 4 42 5 12 12 20 18 18 29 29 48 50 27 38 
38 3 22 41 2 35 43 22 33 45 30 47 18 19 32 37 1 40 6 39 1 7 27 8 25 21 35 9 38 23 34 1 5 18 8 33 46 23 29 49 31 47 18 3 19 32 27 50 4 31 26 24 21 42 14 22 45 14 48 10 49 4 11 43 47 29 18 44 6 24 46 24 28 20 31 3 14 32 44 17 
33 34 39 20 33 49 43 37 36 22 4 18 21 44 11 1 50 33 7 4 3 28 22 10 35 28 36 31 33 1 25 35 17 14 29 5 38 21 30 3 35 22 34 33 22 19 7 43 34 49 9 37 41 26 27 48 12 1 36 27 30 28 26 31 44 40 3 10 23 29 13 25 20 10 42 26 45 35 27 20 
33 47 34 43 48 11 29 31 29 29 35 30 6 9 50 45 4 33 27 37 8 30 30 2 11 41 16 7 2 50 48 1 3 26 19 42 33 35 10 38 11 50 12 10 30 20 19 22 40 17 32 45 7 12 43 3 44 42 11 42 36 36 47 33 46 8 35 31 19 50 1 19 39 48 23 41 10 8 2 1 
11 45 1 23 45 1 20 37 38 41 33 33 39 20 28 31 43 50 11 6 32 40 17 43 10 3 9 33 10 3 37 29 46 40 15 25 28 11 12 3 50 7 30 4 3 14 16 19 7 41 21 1 24 37 38 31 12 3 25 38 24 5 39 31 15 24 49 5 20 6 39 2 45 27 21 37 3 23 9 18 
4 12 20 25 4 43 3 22 35 5 50 21 49 41 6 38 40 38 4 48 34 47 24 18 36 21 9 35 23 43 47 41 34 44 8 41 42 17 29 11 50 11 34 14 8 39 40 27 18 3 5 49 13 21 29 14 9 6 22 20 18 42 18 17 36 9 40 25 42 26 42 18 46 35 46 13 11 35 31 16 
43 11 37 10 41 39 43 45 45 15 28 44 15 18 46 39 49 30 10 16 32 28 7 40 13 40 19 32 44 36 15 40 36 49 23 16 30 22 18 35 4 23 40 23 4 49 15 32 42 31 37 10 30 31 46 32 26 19 14 37 24 10 4 48 22 28 23 25 47 45 19 31 21 16 42 3 3 22 27 37 
21 37 14 35 14 21 3 7 13 46 12 37 36 9 38 13 11 25 5 6 24 37 11 48 11 2 46 7 32 46 30 44 28 31 18 20 26 3 32 26 48 16 6 8 48 42 5 44 46 32 40 37 27 33 48 27 22 11 37 17 8 1 6 10 40 43 42 1 42 39 37 19 49 6 39 24 28 35 27 11 
27 35 18 25 43 17 38 49 33 2 41 37 38 23 3 26 40 10 13 9 2 45 48 23 10 25 18 25 36 12 32 47 23 14 45 19 15 39 21 21 2 37 15 39 38 10 47 8 46 13 2 9 22 46 41 10 17 36 36 31 23 33 20 17 48 20 7 37 31 8 33 44 44 40 39 37 6 34 42 41 
35 43 18 18 6 46 32 32 6 29 32 47 26 27 31 12 35 35 1 17 27 16 50 14 50 40 14 4 14 14 32 12 25 30 32 15 9 29 27 19 25 42 45 28 25 14 8 33 15 21 15 8 40 41 50 30 23 24 12 2 5 40 38 20 46 47 1 36 25 1 4 22 42 38 2 12 30 40 43 50 
42 19 1 14 24 18 12 25 38 23 26 23 18 15 24 32 6 15 14 10 40 17 37 21 42 12 10 34 44 36 45 14 45 6 42 43 10 43 23 10 25 44 43 27 1 49 1 1 33 36 29 43 17 12 50 26 37 7 31 39 42 42 16 29 42 21 29 5 45 18 41 40 50 41 44 42 9 20 13 20 
35 43 1 15 21 1 30 46 12 42 2 41 50 22 15 41 11 50 29 48 10 48 1 41 39 36 42 37 12 31 5 25 13 49 40 44 6 42 49 44 10 43 9 29 10 17 24 32 5 28 11 30 14 27 36 50 3 26 42 14 46 42 19 7 8 34 5 23 22 22 14 14 39 18 31 50 12 1 1 24 
25 42 44 41 40 19 30 34 36 39 33 3 2 41 37 49 41 45 44 50 39 38 15 6 3 14 44 26 15 44 50 44 4 6 41 30 39 35 42 20 31 39 14 26 14 48 41 44 50 33 50 38 44 20 1 42 39 45 7 13 26 49 40 2 28 41 45 37 44 5 24 29 14 46 40 43 9 4 21 21 
9 50 30 24 50 2 10 13 50 19 7 9 21 44 38 31 25 30 15 10 34 37 34 49 2 39 19 48 33 35 47 8 36 39 29 19 37 5 21 2 36 14 17 2 24 39 12 26 1 6 27 44 47 30 14 9 2 27 50 9 12 15 49 14 12 29 28 38 43 48 13 29 22 27 31 19 29 48 2 5 
28 47 36 6 10 28 10 24 28 11 43 39 13 1 5 20 4 11 36 7 45 20 48 48 33 9 17 20 29 32 15 31 38 30 32 18 27 11 46 7 37 5 21 12 35 3 27 25 21 5 6 47 39 4 6 37 15 23 12 29 45 17 40 27 22 44 8 29 14 39 6 43 43 42 32 26 32 45 29 24 
26 17 3 50 3 39 39 9 50 45 33 8 41 37 37 34 26 37 6 23 40 45 6 42 45 17 21 40 36 47 23 41 15 7 48 28 25 24 7 7 31 20 50 46 16 41 31 41 9 29 27 16 42 49 24 49 43 38 12 19 12 14 2 27 12 6 50 29 47 7 39 27 13 49 25 21 20 21 3 5 
42 49 34 25 18 43 40 9 41 48 20 11 48 25 48 11 33 18 22 14 29 26 46 27 32 32 33 8 29 25 19 11 29 17 4 32 10 10 8 31 41 22 5 19 32 32 40 10 11 47 45 41 38 18 34 40 9 24 19 50 34 18 20 17 13 5 27 32 7 28 4 34 46 22 42 1 25 43 24 29 
37 42 46 18 46 41 23 2 2 4 18 6 9 32 34 24 38 45 15 10 37 31 50 32 35 23 30 28 20 16 37 46 28 24 39 29 7 24 45 34 11 16 42 47 35 35 3 45 32 5 33 43 48 18 19 28 43 16 34 32 23 15 39 34 34 30 21 46 39 9 45 11 24 17 28 3 42 18 50 3 
19 35 16 28 45 21 3 24 37 9 35 10 42 28 10 24 1 41 44 44 43 32 1 1 7 30 20 3 22 3 43 8 47 3 47 27 41 32 31 40 23 25 46 31 12 32 46 29 9 21 25 33 30 50 16 15 10 44 3 49 14 18 41 39 26 25 13 7 12 8 41 32 4 37 24 27 32 30 17 48 
2 48 42 3 14 1 50 30 43 35 9 3 31 10 6 30 3 25 38 42 2 1 48 24 34 46 33 38 32 38 37 44 30 47 18 36 34 5 4 7 16 26 37 5 45 5 2 25 49 20 40 36 48 45 16 1 8 14 17 35 38 44 28 40 38 20 40 24 38 6 22 23 27 16 4 34 2 15 31 46 
1 31 2 41 44 10 29 5 35 22 41 28 46 44 20 32 4 39 15 5 32 16 6 45 41 5 43 36 9 41 29 10 9 32 24 30 28 11 33 39 39 35 5 43 31 37 15 1 13 12 8 11 19 18 50 18 8 34 41 11 18 17 46 13 21 24 1 19 12 18 39 44 15 1 45 8 46 25 13 10 
8 20 18 39 19 45 28 4 7 23 15 23 42 19 30 18 45 15 23 34 38 3 30 47 39 7 24 33 39 18 48 9 15 4 50 11 3 27 16 28 47 15 44 4 1 37 50 25 50 24 43 39 3 31 19 19 42 5 22 14 44 5 8 29 19 31 5 31 3 36 42 11 4 31 27 23 35 35 14 18 
11 32 19 10 36 42 45 2 43 6 48 37 19 32 11 41 11 35 22 24 31 12 48 44 18 30 41 49 45 18 45 49 33 50 48 6 2 1 6 3 43 7 39 29 7 35 28 42 11 39 46 15 30 45 24 16 26 13 4 2 18 19 35 19 8 6 43 4 18 46 48 5 29 47 28 40 11 36 27 47 
41 34 38 42 21 36 38 47 9 8 46 49 10 24 3 26 30 33 5 16 38 25 41 42 29 35 12 4 19 48 17 41 24 6 18 18 8 43 49 34 2 27 14 17 27 5 3 19 19 26 18 25 14 16 42 43 41 47 18 33 3 27 46 5 44 10 43 21 3 32 17 32 49 3 38 4 48 20 20 15 
35 9 10 6 7 9 10 44 7 24 33 49 34 13 29 7 32 5 31 32 13 10 49 11 4 34 4 41 19 3 11 23 20 13 32 21 17 35 29 8 10 23 34 33 45 35 44 50 43 17 3 3 14 41 39 46 32 16 22 43 20 3 48 33 11 15 39 31 38 2 20 29 16 38 32 35 20 19 35 27 
33 25 35 15 27 18 30 37 48 39 19 10 8 9 4 16 33 47 3 45 9 25 25 35 48 43 2 23 43 24 30 29 25 26 14 23 19 5 40 47 14 44 45 20 38 41 34 21 34 2 36 41 40 28 22 9 32 49 39 11 46 50 49 5 47 16 19 9 25 46 12 32 32 32 12 13 4 19 46 7 
20 17 13 3 21 21 4 45 5 32 2 30 50 11 36 49 2 4 1 37 31 33 3 48 24 26 19 29 14 39 28 7 2 10 37 17 49 3 7 48 20 32 24 22 32 41 45 14 25 47 29 26 39 42 15 32 14 44 35 31 27 35 14 28 45 26 9 39 21 50 38 14 29 7 29 8 34 48 34 43 
32 10 4 7 43 32 24 16 22 21 9 29 30 4 46 45 10 4 39 44 6 32 11 17 9 26 30 7 18 39 15 33 21 49 9 6 17 14 28 13 27 42 34 43 26 6 31 2 11 1 14 10 13 39 20 32 50 10 19 30 43 21 8 3 45 16 13 20 38 32 13 43 48 27 43 23 6 35 44 4 
24 25 6 13 15 10 31 45 23 4 35 46 46 18 17 13 39 45 37 48 16 7 17 37 17 29 7 42 3 2 35 18 40 35 45 3 41 13 20 5 16 10 42 45 47 34 49 24 35 9 20 34 44 2 38 6 46 27 19 12 47 9 15 36 34 50 8 11 8 38 8 28 35 49 17 24 2 27 48 7 
18 50 31 21 24 38 22 4 48 31 24 14 22 26 48 15 30 24 1 31 17 26 43 35 4 20 41 7 37 49 37 7 21 40 35 25 8 49 43 20 38 42 38 3 32 48 39 41 12 20 48 16 19 3 10 21 28 3 39 6 17 35 18 43 8 48 31 11 1 27 32 35 13 21 14 30 1 19 16 46 
15 21 12 19 50 37 5 40 26 13 44 43 23 5 32 23 5 13 1 6 43 2 24 28 33 2 42 34 43 33 50 50 32 21 36 41 25 19 46 15 5 27 31 31 35 36 9 36 25 6 16 45 5 19 21 38 6 22 5 5 2 1 37 39 1 9 1 33 40 17 9 31 14 26 47 14 27 14 15 7 
13 48 46 2 10 47 16 28 11 14 13 10 31 39 11 26 45 38 34 25 11 23 35 49 37 18 13 9 42 31 12 45 9 27 7 28 10 39 37 12 19 22 41 5 38 39 4 13 47 28 48 40 47 4 18 32 13 1 48 7 4 7 10 35 29 3 28 3 1 23 48 27 20 19 45 48 9 38 10 15 
43 16 2 38 12 6 25 31 2 35 41 33 13 6 9 42 6 37 21 43 27 34 16 50 33 36 45 41 43 30 37 35 18 23 36 11 1 17 33 43 27 41 39 20 39 19 5 39 5 46 42 40 45 43 1 2 30 32 14 39 46 41 9 20 46 35 29 41 11 19 44 48 1 5 16 14 2 43 50 6 
39 17 48 48 20 14 46 16 33 47 6 44 10 26 4 9 49 43 39 47 45 9 42 39 44 11 27 30 22 48 36 18 24 17 6 34 10 13 45 34 50 18 25 28 43 33 8 42 41 46 45 41 24 48 1 33 27 28 42 12 33 16 1 22 26 18 19 8 13 2 8 7 41 6 32 33 21 48 39 46 
34 15 41 26 25 45 43 50 6 45 2 6 7 17 43 28 39 35 48 44 41 21 15 34 14 19 8 39 2 1 33 12 2 20 28 3 46 20 4 47 46 35 17 37 50 25 42 35 19 9 14 30 45 15 12 26 43 44 45 31 31 48 22 45 44 18 2 35 5 27 2 38 8 24 28 45 2 13 30 12 
50 4 48 32 30 40 29 2 30 42 37 29 12 28 12 12 45 10 40 39 24 20 43 7 1 37 18 23 39 31 41 30 3 23 10 5 26 35 12 11 43 37 11 35 5 32 40 21 47 40 44 3 31 2 49 7 42 21 36 16 18 18 42 22 30 15 10 41 35 40 32 37 19 16 3 1 3 4 44 37 
28 29 19 42 28 28 25 11 21 10 14 38 3 48 39 19 10 30 7 16 36 7 25 31 32 44 21 17 32 4 23 22 17 13 8 8 29 9 24 45 28 39 48 19 30 23 43 18 24 33 39 44 24 7 38 16 3 13 12 21 16 44 48 34 31 33 26 1 3 36 36 27 41 3 27 38 6 16 35 39 
34 7 6 15 5 48 9 37 7 12 44 25 42 8 43 31 7 2 46 28 30 21 40 19 25 43 36 49 50 39 35 9 38 8 19 29 19 36 16 25 26 12 26 10 17 21 5 47 31 19 19 17 6 34 4 5 32 7 21 12 28 12 1 9 31 29 4 3 24 11 14 40 8 28 22 50 39 10 27 3 
41 17 14 31 50 3 45 37 33 12 18 39 10 39 1 50 34 45 24 33 7 36 41 15 6 14 42 39 48 19 45 19 2 44 31 31 34 46 29 34 14 46 32 46 28 45 38 15 3 26 6 29 9 21 38 41 27 47 1 6 47 8 15 46 21 25 40 42 48 33 29 13 44 8 8 49 15 26 41 36 
27 39 29 9 22 34 50 19 31 27 3 38 17 23 43 27 24 39 2 21 44 30 29 26 44 7 37 47 32 50 31 32 21 49 32 1 44 16 49 16 11 21 16 27 18 28 13 26 32 42 35 20 16 46 49 18 10 39 25 24 45 20 5 26 9 22 28 20 24 7 33 16 38 34 3 28 22 14 48 50 
49 10 45 6 50 1 41 2 9 10 13 41 12 2 13 37 43 37 20 50 7 1 16 36 42 6 31 7 50 29 23 40 30 2 43 37 25 20 11 4 17 12 13 13 38 46 47 28 26 23 39 43 5 9 10 33 39 39 29 42 18 31 42 27 40 20 11 19 19 5 35 8 45 25 24 11 2 38 43 9 
3 21 46 25 40 27 49 30 24 17 48 38 18 11 21 34 20 46 24 40 32 40 29 43 31 27 36 5 22 39 36 29 24 32 34 30 48 39 41 32 22 38 36 35 11 29 6 6 11 22 9 30 44 9 5 13 45 46 8 25 8 46 19 15 8 18 50 30 10 12 23 13 35 46 34 19 22 43 6 38 
19 11 25 50 6 20 17 16 47 42 25 21 10 9 28 14 48 47 22 42 49 36 34 36 44 33 6 48 15 32 47 20 42 8 7 48 11 12 2 6 12 47 38 49 43 6 8 33 50 46 48 38 43 39 24 43 37 13 1 14 46 10 5 35 8 28 42 48 3 42 34 36 7 47 32 27 12 27 9 24 
16 4 9 34 12 13 28 42 16 50 12 15 49 3 35 24 46 23 27 20 49 48 34 20 37 36 32 47 9 12 35 12 29 8 15 17 17 15 7 9 11 45 46 47 23 2 5 10 24 4 25 8 21 42 2 5 33 2 19 46 12 11 40 41 48 49 47 14 42 49 21 22 28 16 5 15 29 29 18 30 
47 42 23 5 31 26 48 4 27 17 46 26 18 39 48 31 41 23 28 3 19 31 29 22 23 3 28 21 23 40 30 32 38 44 46 43 10 32 23 14 10 46 26 47 1 41 20 30 7 8 30 1 5 30 39 11 38 49 28 11 48 22 17 27 39 46 1 6 32 13 49 26 12 34 4 3 35 29 34 20 
29 35 26 6 3 8 49 26 3 37 12 50 38 45 37 2 10 48 39 24 36 17 16 26 44 49 43 38 21 11 17 48 49 13 10 10 15 13 26 32 36 15 1 14 37 11 30 45 30 38 9 3 17 43 48 1 41 6 15 29 34 41 50 44 37 29 27 16 45 30 16 9 36 40 30 2 8 33 28 39 
4 10 3 3 17 25 16 50 27 47 49 22 30 22 1 49 4 50 16 38 4 7 2 12 13 39 9 9 13 31 45 44 22 41 4 25 26 31 9 42 21 43 27 27 15 14 11 16 45 4 12 29 5 48 42 3 44 37 10 45 18 9 23 11 19 46 44 47 30 12 37 6 19 23 50 22 30 17 38 33 
40 30 4 18 40 8 18 26 38 44 1 34 20 43 23 48 42 31 48 5 26 48 22 10 34 8 26 3 36 40 4 37 39 15 19 18 13 15 46 50 31 41 36 23 50 43 47 48 21 15 24 40 50 15 46 7 35 19 12 10 39 43 15 24 23 43 48 36 19 49 39 46 6 31 8 32 10 38 32 22 
34 14 9 21 32 19 37 26 1 4 12 42 43 44 11 44 29 25 49 50 14 45 13 40 21 36 28 37 16 35 14 46 48 25 20 46 42 28 40 12 47 37 16 49 1 11 9 29 3 2 5 7 12 9 29 1 38 49 17 16 43 40 5 25 26 41 34 30 22 19 44 2 31 19 15 5 43 45 23 27 
48 24 38 27 10 29 19 50 33 5 17 27 18 13 4 6 28 19 40 37 32 43 7 39 7 21 4 11 45 32 18 13 3 42 47 18 30 44 5 8 16 39 17 36 11 28 9 8 37 2 15 31 45 42 40 35 47 26 4 50 50 2 1 37 28 1 38 18 10 28 9 10 47 27 47 35 26 27 21 8 
2 18 24 20 9 26 31 25 18 47 22 38 3 2 28 20 24 19 40 26 40 25 4 9 45 39 44 15 1 19 9 46 25 23 50 35 8 31 37 8 20 14 31 46 36 4 22 47 37 33 7 36 14 39 44 7 47 46 28 18 47 21 37 31 14 28 26 48 31 3 12 27 30 22 46 22 47 15 4 19 
13 34 2 31 22 32 48 17 11 50 50 50 41 11 25 10 26 18 21 41 49 17 49 7 16 12 11 27 6 41 6 27 32 50 23 46 5 43 11 36 21 37 11 26 29 5 29 48 18 48 32 28 50 11 10 6 45 48 32 13 42 24 34 9 48 28 13 46 39 25 5 33 33 13 34 25 5 49 29 26 
6 35 44 29 20 19 29 47 10 38 32 31 4 16 38 24 11 33 5 14 18 34 35 27 21 37 19 7 16 47 1 31 30 25 28 43 45 50 38 45 21 47 32 18 2 29 2 43 22 15 46 46 31 8 12 25 27 10 20 27 12 38 7 22 47 19 10 22 12 22 27 21 1 3 27 24 44 44 23 23 
50 3 33 29 34 29 26 13 42 9 2 41 23 22 48 3 20 12 49 46 14 12 24 18 22 50 17 17 13 12 4 47 9 40 45 9 13 29 15 6 1 50 24 40 20 27 41 7 16 32 10 1 21 36 5 44 49 36 47 15 21 35 25 43 21 9 5 42 39 41 10 43 10 32 30 20 4 26 34 31 
43 10 48 1 41 6 34 26 36 1 6 8 18 40 41 20 16 16 36 46 31 26 28 44 37 10 8 38 3 5 50 45 15 49 13 32 7 7 19 30 29 7 13 9 16 24 9 29 14 26 39 16 38 7 47 19 30 42 27 27 15 10 4 2 41 9 40 7 11 21 8 46 46 14 28 38 23 42 11 43 
31 42 34 16 47 32 33 25 49 35 16 47 7 14 42 16 44 45 5 22 31 6 7 6 36 34 11 39 43 24 2 21 28 30 44 22 44 33 44 38 46 4 48 26 11 9 35 35 11 32 1 11 46 18 14 40 34 5 25 24 45 32 38 33 50 5 21 28 17 12 25 19 14 15 5 17 12 13 27 2 
18 22 47 8 25 1 50 21 1 28 19 6 23 38 47 14 5 8 48 22 8 46 45 45 25 19 32 17 15 3 8 42 31 24 16 1 2 16 49 21 22 26 30 15 47 3 23 40 45 39 37 31 47 44 32 28 34 1 49 14 13 13 4 37 47 11 35 41 21 36 34 33 35 23 33 29 3 24 7 21 
17 23 1 5 41 27 21 11 40 26 49 49 7 19 41 2 46 15 14 6 29 16 19 2 49 24 2 24 14 30 7 29 22 49 26 44 2 23 30 37 47 4 18 6 46 24 37 14 39 43 37 8 43 14 31 38 28 1 13 6 5 43 34 36 9 41 21 20 20 24 31 7 20 35 35 6 17 26 42 10 
23 20 45 9 43 12 24 32 37 47 25 28 6 42 48 37 10 38 4 21 30 16 2 16 27 47 31 37 3 11 24 47 50 12 26 31 3 18 46 46 45 43 35 45 32 50 3 34 15 13 24 1 25 8 39 5 10 3 13 48 27 8 11 16 21 44 36 22 4 25 9 10 44 15 22 27 19 1 10 46 
39 9 28 50 3 48 18 11 5 37 16 46 43 17 5 17 14 11 42 17 28 6 13 10 15 28 10 47 29 5 49 6 29 50 49 27 28 28 49 26 6 39 3 7 46 20 20 1 2 5 42 16 21 14 16 8 10 25 28 4 7 36 1 4 15 23 44 4 11 31 16 15 47 38 5 49 9 45 36 13 
18 47 3 33 16 1 18 1 4 11 18 16 19 2 26 35 48 5 6 15 6 25 1 21 36 7 13 19 43 12 35 2 40 2 23 34 4 17 21 1 32 37 24 18 18 10 2 31 20 22 28 49 29 22 12 38 49 11 46 35 30 2 37 37 4 31 34 33 11 30 29 7 15 5 45 16 33 2 31 10 
7 35 34 13 49 16 29 39 8 9 26 43 38 42 31 43 7 23 35 39 43 37 6 24 24 47 39 45 40 35 36 8 9 4 7 39 41 26 12 4 2 25 35 41 11 10 47 30 22 26 10 50 18 30 34 21 7 16 44 46 31 33 31 15 10 10 13 2 5 46 29 40 27 11 26 49 17 22 34 49 
49 46 15 2 31 19 20 25 34 2 19 36 16 40 47 10 26 28 31 38 23 32 38 31 48 22 9 9 3 22 27 1 3 12 17 11 47 7 1 22 49 11 49 41 6 43 7 33 32 44 9 32 8 31 46 27 24 43 46 39 41 20 2 6 8 47 3 31 22 2 27 35 25 5 35 38 9 32 15 27 
45 24 14 32 48 41 17 27 23 37 34 32 26 13 48 30 44 50 4 45 20 18 45 47 26 33 8 7 19 39 6 49 28 35 6 49 46 33 12 41 35 15 27 46 36 24 10 34 7 46 5 21 36 26 43 15 3 50 34 26 46 32 3 10 3 9 26 46 48 25 30 32 41 5 42 45 15 15 38 18 
3 39 20 19 31 14 49 36 16 35 27 45 38 12 22 29 8 14 22 35 22 43 13 26 10 34 34 24 40 16 40 35 12 41 40 25 25 4 15 38 40 46 28 46 17 11 49 24 12 19 21 20 29 31 28 27 12 3 34 43 9 35 16 14 4 41 9 31 32 45 18 28 16 22 21 26 44 33 14 10 
19 15 26 30 36 25 2 28 18 38 49 41 3 18 50 37 41 15 24 16 18 5 14 13 26 34 16 27 27 7 35 24 20 18 2 46 25 12 15 29 1 22 40 4 23 18 28 41 9 17 7 20 8 14 26 40 5 14 34 29 50 31 7 37 10 47 12 46 36 23 35 7 31 4 10 25 9 35 36 14 
35 7 43 33 3 6 8 46 49 37 1 50 22 17 3 20 41 35 11 23 30 18 26 4 18 46 10 13 23 33 13 6 7 26 8 25 45 21 40 29 35 6 28 44 25 43 45 43 16 41 8 50 13 23 16 47 5 45 21 38 17 25 26 11 10 41 13 30 2 50 33 34 43 3 28 24 33 12 10 39 
